date,l000,p000,b000,l001,p001,b001,l002,p002,b002,l003,p003,b003,l004,p004,b004,l005,p005,b005,l006,p006,b006,l007,p007,b007,l008,p008,b008,l009,p009,b009,l010,p010,b010,l011,p011,b011,l012,p012,b012,l013,p013,b013,l014,p014,b014,l015,p015,b015,l016,p016,b016,l017,p017,b017,l018,p018,b018,l019,p019,b019,l020,p020,b020,l021,p021,b021,l022,p022,b022,l023,p023,b023,l024,p024,b024,l025,p025,b025,l026,p026,b026,l027,p027,b027,l028,p028,b028,l029,p029,b029,l030,p030,b030,l031,p031,b031,l032,p032,b032,l033,p033,b033,l034,p034,b034,l035,p035,b035,l036,p036,b036,l037,p037,b037,l038,p038,b038,l039,p039,b039,l040,p040,b040,l041,p041,b041,l042,p042,b042,l043,p043,b043,l044,p044,b044,l045,p045,b045,l046,p046,b046,l047,p047,b047,l048,p048,b048,l049,p049,b049,l050,p050,b050,l051,p051,b051,l052,p052,b052,l053,p053,b053,l054,p054,b054,l055,p055,b055,l056,p056,b056,l057,p057,b057,l058,p058,b058,l059,p059,b059,l060,p060,b060,l061,p061,b061,l062,p062,b062,l063,p063,b063,l064,p064,b064,l065,p065,b065,l066,p066,b066,l067,p067,b067,l068,p068,b068,l069,p069,b069,l070,p070,b070,l071,p071,b071,l072,p072,b072,l073,p073,b073,l074,p074,b074,l075,p075,b075,l076,p076,b076,l077,p077,b077,l078,p078,b078,l079,p079,b079,l080,p080,b080,l081,p081,b081,l082,p082,b082,l083,p083,b083,l084,p084,b084,l085,p085,b085,l086,p086,b086,l087,p087,b087,l088,p088,b088,l089,p089,b089,l090,p090,b090,l091,p091,b091,l092,p092,b092,l093,p093,b093,l094,p094,b094,l095,p095,b095
2025-02-24,0.3788,0.3412,0.2704,0.3505,0.2923,0.2405,0.2865,0.2612,0.2405,0.2617,0.23,0.2405,0.2611,0.2085,0.2405,0.2373,0.2106,0.2315,0.2089,0.1897,0.2315,0.2182,0.181,0.2315,0.203,0.1789,0.2315,0.2326,0.1794,0.2644,0.2077,0.1835,0.2644,0.205,0.16,0.2644,0.2159,0.1934,0.2644,0.23,0.2373,0.3422,0.2545,0.2333,0.3422,0.2471,0.2663,0.3422,0.2787,0.2547,0.3422,0.3156,0.2807,0.5425,0.3168,0.3138,0.5425,0.365,0.3286,0.5425,0.4021,0.364,0.5425,0.4623,0.4699,0.8445,0.5501,0.5051,0.8445,0.6034,0.5407,0.8445,0.6463,0.5978,0.8445,0.7362,0.6683,1.2721,0.7696,0.7478,1.2721,0.8807,0.7728,1.2721,0.9673,0.8594,1.2721,1.1151,1.005,1.4575,1.2438,1.0721,1.4575,1.334,1.1206,1.4575,1.4471,1.2863,1.4575,1.506,1.3733,1.308,1.5856,1.4552,1.308,1.5266,1.4113,1.308,1.539,1.4717,1.308,1.3064,1.4065,0.991,1.2326,1.3768,0.991,1.1746,1.3015,0.991,1.1593,1.1297,0.991,1.1635,1.0775,0.8266,1.3217,0.96,0.8266,1.3541,0.7664,0.8266,1.3587,0.7515,0.8266,1.3388,0.7259,0.4229,1.2409,0.7195,0.4229,1.2562,0.7822,0.4229,1.1659,0.7109,0.4229,1.0152,0.4612,0.4438,0.8486,0.4604,0.4438,0.7292,0.3718,0.4438,0.7795,0.2994,0.4438,0.7208,0.3917,0.5873,0.6792,0.5716,0.5873,0.7122,0.5203,0.5873,0.8654,0.511,0.5873,0.966,0.4948,0.7219,1.0352,0.6679,0.7219,1.0423,0.5956,0.7219,0.9395,0.6497,0.7219,0.8022,0.5639,0.8744,0.8174,0.6324,0.8744,0.935,0.6576,0.8744,0.9603,0.6685,0.8744,0.9783,0.6698,1.1316,1.0081,0.7118,1.1316,1.0496,0.7676,1.1316,1.132,0.7982,1.1316,1.2094,0.8498,1.5382,1.2539,0.9262,1.5382,1.346,1.0488,1.5382,1.456,1.2264,1.5382,1.5672,1.382,1.5113,1.7221,1.511,1.5113,1.7503,1.5399,1.5113,1.7591,1.5325,1.5113,1.697,1.5037,1.1884,1.6225,1.486,1.1884,1.5413,1.3872,1.1884,1.4486,1.3269,1.1884,1.3924,1.2455,0.9372,1.3358,1.1471,0.9372,1.2452,1.044,0.9372,1.1867,0.9807,0.9372,1.1331,0.9328,0.692,1.0144,0.8874,0.692,0.9768,0.8027,0.692,0.9086,0.7538,0.692,0.8707,0.7022,0.4408,0.7533,0.6407,0.4408,0.7298,0.5778,0.4408,0.6796,0.5191,0.4408,0.5474,0.4385,0.3601,0.4936,0.3964,0.3601,0.4799,0.3261,0.3601
2025-02-25,0.396,0.2833,0.3601,0.3693,0.2385,0.3182,0.333,0.2092,0.3182,0.3034,0.163,0.3182,0.2654,0.1306,0.3182,0.2083,0.1351,0.3033,0.2183,0.0926,0.3033,0.2165,0.1072,0.3033,0.1962,0.0711,0.3033,0.2163,0.1146,0.3362,0.2221,0.0862,0.3362,0.2164,0.0785,0.3362,0.2081,0.1048,0.3362,0.2004,0.1236,0.4109,0.1921,0.1257,0.4109,0.225,0.1478,0.4109,0.2078,0.1654,0.4109,0.2353,0.1771,0.6083,0.2713,0.2025,0.6083,0.3031,0.2166,0.6083,0.3372,0.2375,0.6083,0.3977,0.2989,0.9013,0.4018,0.3423,0.9013,0.4767,0.3886,0.9013,0.5689,0.414,0.9013,0.6494,0.5129,1.3498,0.7174,0.5911,1.3498,0.8091,0.5939,1.3498,0.9076,0.7118,1.3498,1.1046,0.8812,1.5801,1.1782,0.9904,1.5801,1.315,1.045,1.5801,1.4192,1.2059,1.5801,1.4758,1.2872,1.4246,1.5271,1.3044,1.4246,1.6393,1.275,1.4246,1.6645,1.3534,1.4246,1.5679,1.3164,1.2332,1.5282,1.2989,1.2332,1.6368,1.1919,1.2332,1.6652,1.1388,1.2332,1.7195,1.0508,1.009,1.741,0.9741,1.009,1.7244,0.9656,1.009,1.729,0.9785,1.009,1.6917,0.9054,0.9222,1.7337,0.9444,0.9222,1.82,1.1364,0.9222,1.772,0.9412,0.9222,1.6964,0.9621,1.0419,1.5973,0.8798,1.0419,1.6421,0.7746,1.0419,1.6379,0.6883,1.0419,1.6575,0.7453,1.0329,1.6423,0.8438,1.0329,1.4168,0.7921,1.0329,0.8776,0.8491,1.0329,0.8135,0.8692,1.1674,0.9892,0.8529,1.1674,0.9739,0.805,1.1674,0.8681,0.8308,1.1674,0.6882,0.9648,1.2362,0.6381,0.9407,1.2362,0.7334,0.8764,1.2362,0.8548,0.9007,1.2362,0.8911,0.9014,1.4455,0.8535,0.8577,1.4455,0.9266,0.8994,1.4455,1.0177,1.0215,1.4455,1.1574,1.0116,1.7206,1.2942,1.1002,1.7206,1.4095,1.1991,1.7206,1.5111,1.3446,1.7206,1.6592,1.4452,1.619,1.7345,1.583,1.619,1.8055,1.6358,1.619,1.8244,1.5927,1.619,1.804,1.5511,1.3259,1.7116,1.4636,1.3259,1.6302,1.3974,1.3259,1.5981,1.3415,1.3259,1.5224,1.2996,1.0568,1.4676,1.1911,1.0568,1.3634,1.1327,1.0568,1.3133,1.0607,1.0568,1.2022,0.9996,0.8116,1.1671,0.9393,0.8116,1.1103,0.8574,0.8116,1.0543,0.8269,0.8116,0.9755,0.7676,0.5545,0.9302,0.7337,0.5545,0.8639,0.6671,0.5545,0.8206,0.6132,0.5545,0.7235,0.5263,0.5574,0.682,0.4796,0.5574,0.5842,0.4281,0.5574
2025-02-26,0.5376,0.5501,0.5574,0.497,0.5368,0.4707,0.4634,0.4818,0.4707,0.4199,0.4659,0.4707,0.3699,0.4458,0.4707,0.3559,0.415,0.4378,0.3614,0.4328,0.4378,0.3384,0.3938,0.4378,0.3446,0.3867,0.4378,0.3315,0.3782,0.4797,0.3352,0.373,0.4797,0.3372,0.3794,0.4797,0.325,0.3818,0.4797,0.3613,0.3919,0.5455,0.3812,0.3913,0.5455,0.3864,0.4156,0.5455,0.3767,0.4118,0.5455,0.4486,0.4197,0.7428,0.4442,0.451,0.7428,0.442,0.4811,0.7428,0.5078,0.518,0.7428,0.5411,0.5608,1.0389,0.5867,0.607,1.0389,0.642,0.6594,1.0389,0.7267,0.7571,1.0389,0.8099,0.842,1.4635,0.8792,0.9,1.4635,0.9511,0.9547,1.4635,1.0406,0.9779,1.4635,1.2275,1.201,1.6668,1.3432,1.2742,1.6668,1.4693,1.419,1.6668,1.6029,1.4785,1.6668,1.6272,1.5176,1.4455,1.599,1.5528,1.4455,1.6002,1.5267,1.4455,1.5456,1.5039,1.4455,1.5442,1.4043,1.1824,1.5702,1.3308,1.1824,1.5497,1.2645,1.1824,1.3764,1.2324,1.1824,0.9918,1.0887,0.8714,0.7488,1.0439,0.8714,0.7623,0.8349,0.8714,0.8975,0.7635,0.8714,1.0974,0.6991,0.39,1.2153,0.6261,0.39,1.2954,0.6735,0.39,1.3584,0.5328,0.39,1.2073,0.2761,0.2375,1.0848,0.1743,0.2375,0.8693,0.0861,0.2375,0.5111,0.0126,0.2375,0.7708,0.1195,0.4229,1.0566,0.1879,0.4229,1.0557,0.2422,0.4229,1.0053,0.2416,0.4229,1.008,0.2735,0.4917,0.9093,0.3305,0.4917,0.7545,0.2954,0.4917,0.5728,0.2857,0.4917,0.5694,0.3609,0.7727,0.7796,0.3973,0.7727,0.8932,0.4917,0.7727,0.9335,0.5319,0.7727,1.0042,0.591,1.2452,0.9849,0.6879,1.2452,0.9533,0.8139,1.2452,1.0574,0.9645,1.2452,1.199,1.0782,1.7625,1.3202,1.1905,1.7625,1.4955,1.3757,1.7625,1.654,1.437,1.7625,1.7592,1.5166,1.7625,1.9251,1.6275,1.7625,2.0259,1.71,1.7625,2.0515,1.7426,1.7625,2.0298,1.7024,1.4515,1.9693,1.6883,1.4515,1.8955,1.657,1.4515,1.8209,1.5765,1.4515,1.7753,1.5298,1.1943,1.6926,1.4362,1.1943,1.5967,1.3597,1.1943,1.5422,1.3108,1.1943,1.4712,1.2593,0.9701,1.409,1.2505,0.9701,1.3759,1.1674,0.9701,1.2954,1.1174,0.9701,1.2172,1.0528,0.7518,1.194,1.0105,0.7518,1.1417,0.9483,0.7518,1.0851,0.9341,0.7518,0.9861,0.8458,0.5754,0.9609,0.7809,0.5754,0.9149,0.7203,0.5754
2025-02-27,0.8805,0.7381,0.5754,0.8158,0.698,0.4857,0.803,0.6535,0.4857,0.7964,0.6417,0.4857,0.7418,0.6075,0.4857,0.7307,0.5541,0.4857,0.6982,0.5912,0.4857,0.7221,0.5493,0.4857,0.6948,0.5452,0.4857,0.6927,0.5464,0.4857,0.7121,0.5247,0.4857,0.7088,0.5384,0.4857,0.7201,0.5306,0.4857,0.7142,0.529,0.5754,0.7148,0.5454,0.5754,0.7117,0.5132,0.5754,0.7156,0.5312,0.5754,0.7361,0.555,0.7249,0.7501,0.5724,0.7249,0.7682,0.6041,0.7249,0.7573,0.6111,0.7249,0.8234,0.6805,1.0239,0.8327,0.7109,1.0239,0.9106,0.7866,1.0239,0.9751,0.8276,1.0239,1.0854,0.9438,1.4425,1.1452,0.9939,1.4425,1.2069,1.1005,1.4425,1.2675,1.1792,1.4425,1.4303,1.3938,1.6518,1.5107,1.4394,1.6518,1.6325,1.5145,1.6518,1.7325,1.5702,1.6518,1.8537,1.6481,1.4724,1.8322,1.7457,1.4724,1.7556,1.6807,1.4724,1.7587,1.6978,1.4724,1.8061,1.693,1.1136,1.7831,1.5985,1.1136,1.4761,1.5348,1.1136,1.5557,1.4542,1.1136,1.7048,1.2499,0.8146,1.3114,1.3231,0.8146,1.0803,1.162,0.8146,1.4922,1.0909,0.8146,1.6426,1.0065,0.1867,1.5247,1.0048,0.1867,1.6113,0.8871,0.1867,1.6185,0.8682,0.1867,1.3508,0.6042,0.097,1.0517,0.6343,0.097,0.9691,0.579,0.097,0.7937,0.4019,0.097,0.6785,0.4141,0.2166,0.5556,0.4743,0.2166,0.5247,0.4674,0.2166,0.6149,0.4293,0.2166,0.4667,0.4354,0.4558,0.3067,0.4364,0.4558,0.4736,0.3228,0.4558,0.469,0.4261,0.4558,0.4477,0.5057,0.7847,0.3639,0.5383,0.7847,0.4866,0.6585,0.7847,0.538,0.6686,0.7847,0.6064,0.6621,1.2631,0.7159,0.6755,1.2631,0.8017,0.7404,1.2631,0.9317,0.9055,1.2631,1.1133,0.9411,1.7415,1.2409,1.0461,1.7415,1.45,1.2609,1.7415,1.6088,1.3679,1.7415,1.7618,1.5361,1.7415,1.8766,1.722,1.7415,2.0029,1.7611,1.7415,2.0183,1.7612,1.7415,1.9829,1.719,1.4425,1.9735,1.675,1.4425,1.8686,1.6105,1.4425,1.815,1.5392,1.4425,1.7375,1.4663,1.2033,1.6879,1.3729,1.2033,1.6196,1.2756,1.2033,1.5451,1.2658,1.2033,1.4762,1.1878,0.994,1.4544,1.1682,0.994,1.3605,1.0791,0.994,1.3343,1.0398,0.994,1.236,0.9902,0.7548,1.1857,0.9816,0.7548,1.1323,0.8999,0.7548,1.0732,0.8397,0.7548,0.9911,0.7832,0.695,0.9584,0.6928,0.695,0.9278,0.6721,0.695
2025-02-28,0.8695,0.7074,0.695,0.8593,0.6518,0.6352,0.8245,0.6066,0.6352,0.7717,0.5811,0.6352,0.7633,0.5837,0.6352,0.7398,0.5345,0.6053,0.741,0.5506,0.6053,0.7156,0.5127,0.6053,0.7111,0.5109,0.6053,0.724,0.5117,0.6053,0.6941,0.5265,0.6053,0.6951,0.5172,0.6053,0.6873,0.5225,0.6053,0.7231,0.5255,0.695,0.71,0.5304,0.695,0.7072,0.5652,0.695,0.7372,0.5671,0.695,0.7652,0.5693,0.9043,0.776,0.5822,0.9043,0.8035,0.6182,0.9043,0.8473,0.6234,0.9043,0.9139,0.7008,1.2033,0.9398,0.7351,1.2033,1.0136,0.7838,1.2033,1.0877,0.8578,1.2033,1.1634,0.9901,1.6518,1.2189,1.0656,1.6518,1.282,1.1329,1.6518,1.39,1.2223,1.6518,1.5388,1.3553,1.8612,1.629,1.4793,1.8612,1.7407,1.5636,1.8612,1.8105,1.6781,1.8612,1.8763,1.704,1.592,1.8776,1.6685,1.592,1.7221,1.7089,1.592,1.6351,1.6239,1.592,1.5091,1.5636,1.1734,1.4084,1.4998,1.1734,1.2075,1.3145,1.1734,1.0868,1.1935,1.1734,0.9427,1.1285,0.8146,0.7587,1.0959,0.8146,0.5981,0.9033,0.8146,0.4517,0.7093,0.8146,0.3503,0.6371,0.1269,0.3169,0.6201,0.1269,0.2888,0.6706,0.1269,0.222,0.6346,0.1269,0.0286,0.3322,0.0372,-0.1518,0.2432,0.0372,-0.2056,0.1668,0.0372,-0.2512,0.1123,0.0372,-0.2435,0.126,0.1867,-0.2126,0.1111,0.1867,-0.1635,0.1609,0.1867,-0.0766,0.215,0.1867,-0.102,0.2457,0.396,-0.0628,0.2101,0.396,-0.046,0.1545,0.396,0.001,0.2498,0.396,0.0676,0.2705,0.7548,0.1715,0.369,0.7548,0.268,0.4656,0.7548,0.385,0.5552,0.7548,0.4535,0.6081,1.2631,0.533,0.6263,1.2631,0.6423,0.7107,1.2631,0.828,0.8784,1.2631,0.9953,0.9672,1.8911,1.2336,1.1166,1.8911,1.4334,1.3253,1.8911,1.5985,1.4371,1.8911,1.7123,1.5369,1.921,1.8188,1.686,1.921,1.9342,1.7966,1.921,2.0356,1.8362,1.921,2.0145,1.7952,1.5621,1.9719,1.7993,1.5621,1.9045,1.7363,1.5621,1.8777,1.6296,1.5621,1.8086,1.5809,1.3229,1.7081,1.4484,1.3229,1.6146,1.3873,1.3229,1.5701,1.3522,1.3229,1.5084,1.2929,1.1734,1.435,1.2864,1.1734,1.4008,1.1622,1.1734,1.3924,1.1342,1.1734,1.3115,1.1065,0.9043,1.2847,1.0783,0.9043,1.262,0.9982,0.9043,1.2247,0.9614,0.9043,1.1343,0.8757,0.7847,1.0883,0.8388,0.7847,1.0621,0.7565,0.7847
2025-03-01,1.0465,0.8323,0.7847,1.0093,0.7931,0.695,0.9773,0.7483,0.695,0.9442,0.7003,0.695,0.9113,0.7067,0.695,0.9207,0.6982,0.695,0.8924,0.652,0.695,0.856,0.6287,0.695,0.846,0.6231,0.695,0.8517,0.6133,0.7249,0.8032,0.6068,0.7249,0.8298,0.6323,0.7249,0.8166,0.6388,0.7249,0.8401,0.6527,0.7847,0.8319,0.6397,0.7847,0.8469,0.6373,0.7847,0.834,0.6112,0.7847,0.858,0.6575,0.8744,0.8672,0.6776,0.8744,0.883,0.7288,0.8744,0.9131,0.7343,0.8744,0.9637,0.7916,0.9641,0.9797,0.8209,0.9641,0.9983,0.8158,0.9641,1.0094,0.8396,0.9641,1.074,0.8768,1.2332,1.0747,0.9018,1.2332,1.0863,0.8758,1.2332,1.0714,0.8646,1.2332,1.1026,0.9664,1.3528,1.1564,1.0245,1.3528,1.262,1.0861,1.3528,1.3238,1.1189,1.3528,1.3729,1.2032,1.0538,1.3783,1.1523,1.0538,1.3786,1.1662,1.0538,1.3674,1.1324,1.0538,1.1012,1.1496,0.5156,0.8586,1.1191,0.5156,0.8477,1.003,0.5156,0.7279,0.9628,0.5156,0.5821,0.7959,0.1867,0.4276,0.7143,0.1867,0.2674,0.6116,0.1867,0.1717,0.4796,0.1867,0.0907,0.3663,-0.232,0.0087,0.2973,-0.232,-0.0019,0.3493,-0.232,-0.0551,0.3442,-0.232,-0.1758,0.2252,-0.3815,-0.2601,0.2185,-0.3815,-0.3598,0.2136,-0.3815,-0.4488,0.2137,-0.3815,-0.4962,0.1014,-0.232,-0.49,0.0558,-0.232,-0.4814,0.0551,-0.232,-0.3981,0.1949,-0.232,-0.3966,0.1987,0.0073,-0.3575,0.16,0.0073,-0.3254,0.2118,0.0073,-0.2897,0.1806,0.0073,-0.2008,0.2039,0.396,-0.1161,0.2328,0.396,-0.0074,0.2825,0.396,0.1042,0.3376,0.396,0.19,0.3516,0.994,0.2958,0.3998,0.994,0.413,0.4457,0.994,0.6216,0.5575,0.994,0.7381,0.7076,1.5621,0.9603,0.8401,1.5621,1.1289,1.0275,1.5621,1.3406,1.1385,1.5621,1.4793,1.2711,1.6219,1.5725,1.3756,1.6219,1.6706,1.559,1.6219,1.7322,1.6736,1.6219,1.7574,1.5726,1.3827,1.7388,1.5381,1.3827,1.665,1.4925,1.3827,1.6184,1.4513,1.3827,1.5168,1.403,1.1435,1.4583,1.2892,1.1435,1.4096,1.2308,1.1435,1.362,1.1811,1.1435,1.2819,1.0726,0.9641,1.2111,1.1022,0.9641,1.2257,1.0064,0.9641,1.1728,0.9957,0.9641,1.1461,0.9945,0.7548,1.102,0.9446,0.7548,1.0732,0.9278,0.7548,1.0381,0.8927,0.7548,0.9159,0.8189,0.695,0.8926,0.8018,0.695,0.8496,0.704,0.695
2025-03-02,0.814,0.7421,0.695,0.8069,0.678,0.6053,0.7496,0.68,0.6053,0.7514,0.6522,0.6053,0.7033,0.651,0.6053,0.6903,0.6305,0.6053,0.6794,0.593,0.6053,0.6569,0.5647,0.6053,0.6476,0.5936,0.6053,0.6399,0.5904,0.6352,0.6484,0.5959,0.6352,0.6079,0.5871,0.6352,0.6243,0.6237,0.6352,0.6375,0.5699,0.7249,0.6546,0.5753,0.7249,0.6531,0.6056,0.7249,0.6551,0.5732,0.7249,0.6606,0.6062,0.8146,0.6935,0.5983,0.8146,0.6931,0.6379,0.8146,0.7173,0.6008,0.8146,0.7453,0.6947,0.8445,0.7524,0.7179,0.8445,0.7768,0.7548,0.8445,0.7982,0.7783,0.8445,0.8,0.7995,0.9342,0.7874,0.7309,0.9342,0.7904,0.7176,0.9342,0.7799,0.7271,0.9342,0.8447,0.7832,1.0239,0.8911,0.8579,1.0239,0.9783,0.9138,1.0239,0.9831,0.945,1.0239,0.9579,1.0064,0.7847,0.9232,0.969,0.7847,0.8218,0.9348,0.7847,0.7566,0.9135,0.7847,0.6534,0.9556,0.3063,0.5546,0.9051,0.3063,0.3996,0.7274,0.3063,0.2608,0.678,0.3063,0.1374,0.5756,-0.0226,-0.0026,0.4044,-0.0226,-0.1631,0.3375,-0.0226,-0.2564,0.2197,-0.0226,-0.3563,0.1479,-0.3815,-0.3984,0.1756,-0.3815,-0.4164,0.1349,-0.3815,-0.4637,0.1292,-0.3815,-0.5503,-0.028,-0.531,-0.6226,-0.0559,-0.531,-0.7204,-0.0582,-0.531,-0.7984,-0.0875,-0.531,-0.8562,-0.1353,-0.5011,-0.8646,-0.1379,-0.5011,-0.8324,-0.2276,-0.5011,-0.781,-0.0199,-0.5011,-0.7585,0.0344,-0.232,-0.738,-0.074,-0.232,-0.6936,-0.0691,-0.232,-0.6562,-0.046,-0.232,-0.56,-0.0009,0.2166,-0.4597,0.0331,0.2166,-0.3532,0.1024,0.2166,-0.2303,0.1322,0.2166,-0.1615,0.1487,0.8146,-0.0136,0.1799,0.8146,0.1516,0.2773,0.8146,0.3292,0.3983,0.8146,0.5437,0.5019,1.4126,0.7307,0.653,1.4126,0.9781,0.8054,1.4126,1.1518,0.9577,1.4126,1.314,1.1461,1.4724,1.4058,1.1359,1.4724,1.4945,1.3385,1.4724,1.5483,1.3957,1.4724,1.5225,1.3916,1.2332,1.486,1.3938,1.2332,1.4499,1.3304,1.2332,1.4305,1.291,1.2332,1.3422,1.2685,0.994,1.2543,1.2502,0.994,1.1901,1.1532,0.994,1.1359,1.0744,0.994,1.059,0.982,0.7847,1.0316,0.972,0.7847,0.9673,0.9079,0.7847,0.9509,0.8701,0.7847,0.8923,0.8326,0.6352,0.8313,0.7456,0.6352,0.7969,0.7385,0.6352,0.7555,0.6843,0.6352,0.6791,0.6073,0.5455,0.6365,0.5463,0.5455,0.6115,0.5375,0.5455
2025-03-03,0.5692,0.5161,0.5455,0.5359,0.4838,0.5455,0.4984,0.4922,0.5455,0.4839,0.4376,0.5455,0.464,0.4121,0.5455,0.4712,0.3792,0.5754,0.4099,0.4176,0.5754,0.4241,0.353,0.5754,0.409,0.3987,0.5754,0.4445,0.3779,0.6053,0.4104,0.4329,0.6053,0.4369,0.4078,0.6053,0.4614,0.4161,0.6053,0.481,0.4127,0.695,0.4846,0.4239,0.695,0.5053,0.4274,0.695,0.5029,0.4591,0.695,0.5216,0.4769,0.8445,0.5504,0.4467,0.8445,0.5875,0.5229,0.8445,0.6172,0.5498,0.8445,0.6884,0.5954,1.1136,0.7146,0.6696,1.1136,0.8013,0.7368,1.1136,0.8512,0.7814,1.1136,0.9477,0.9295,1.5023,0.9982,0.9979,1.5023,1.0208,1.0481,1.5023,1.0871,1.1303,1.5023,1.2381,1.2992,1.6219,1.3541,1.3885,1.6219,1.4546,1.5284,1.6219,1.4963,1.6183,1.6219,1.5159,1.6638,1.293,1.4686,1.6766,1.293,1.3637,1.6352,1.293,1.2835,1.6006,1.293,1.1026,1.4874,0.8146,0.955,1.4335,0.8146,0.7998,1.1995,0.8146,0.6472,1.0853,0.8146,0.4796,0.9192,0.4857,0.3308,0.7591,0.4857,0.1812,0.6288,0.4857,0.0658,0.5222,0.4857,-0.0285,0.4522,-0.1422,-0.0711,0.4642,-0.1422,-0.0959,0.4399,-0.1422,-0.1576,0.4271,-0.1422,-0.3592,0.1326,-0.2918,-0.4856,0.0495,-0.2918,-0.5824,-0.0211,-0.2918,-0.6349,-0.0535,-0.2918,-0.5813,0.0351,-0.1422,-0.5439,0.0901,-0.1422,-0.4784,0.1034,-0.1422,-0.4104,0.1883,-0.1422,-0.3734,0.2401,0.1269,-0.3395,0.2423,0.1269,-0.321,0.2415,0.1269,-0.2415,0.2357,0.1269,-0.1837,0.275,0.6053,-0.0892,0.3555,0.6053,0.0175,0.396,0.6053,0.17,0.4495,0.6053,0.266,0.4554,1.1734,0.2996,0.5387,1.1734,0.4491,0.5726,1.1734,0.5661,0.6605,1.1734,0.7476,0.7365,1.7116,0.8524,0.8867,1.7116,1.0804,1.0479,1.7116,1.2863,1.2375,1.7116,1.418,1.3264,1.7116,1.5636,1.4183,1.7116,1.6351,1.4998,1.7116,1.6608,1.5837,1.7116,1.6284,1.5904,1.3827,1.6127,1.6089,1.3827,1.5149,1.5074,1.3827,1.4772,1.4749,1.3827,1.4044,1.3994,1.1136,1.3222,1.2471,1.1136,1.2271,1.1945,1.1136,1.1864,1.1595,1.1136,1.0874,1.0758,0.9043,1.0181,1.0061,0.9043,0.9843,0.9481,0.9043,0.9519,0.8985,0.9043,0.8843,0.8359,0.695,0.8127,0.7479,0.695,0.7561,0.7022,0.695,0.7201,0.6505,0.695,0.6669,0.5641,0.5455,0.6268,0.5086,0.5455,0.5497,0.4532,0.5455
2025-03-04,0.5187,0.3993,0.5455,0.4932,0.3663,0.4857,0.4874,0.3304,0.4857,0.4465,0.2975,0.4857,0.4448,0.2592,0.4857,0.4241,0.2544,0.4857,0.4293,0.2503,0.4857,0.4166,0.2406,0.4857,0.4191,0.2615,0.4857,0.4384,0.2325,0.5455,0.4374,0.2477,0.5455,0.4082,0.2492,0.5455,0.4222,0.274,0.5455,0.4593,0.2679,0.6352,0.4733,0.2727,0.6352,0.472,0.2903,0.6352,0.4782,0.3283,0.6352,0.4901,0.365,0.8146,0.5455,0.3588,0.8146,0.555,0.3742,0.8146,0.6152,0.4143,0.8146,0.6591,0.4961,1.1136,0.701,0.5498,1.1136,0.7464,0.6051,1.1136,0.8377,0.6868,1.1136,0.9056,0.7904,1.4425,0.9756,0.9112,1.4425,1.0096,0.9571,1.4425,1.0656,1.0306,1.4425,1.2269,1.1838,1.4724,1.3337,1.3131,1.4724,1.406,1.4344,1.4724,1.4662,1.5121,1.4724,1.4248,1.56,1.2033,1.344,1.5769,1.2033,1.2292,1.5521,1.2033,1.1448,1.487,1.2033,0.999,1.3492,0.6352,0.8364,1.279,0.6352,0.7124,1.0914,0.6352,0.5527,0.9071,0.6352,0.3693,0.7732,0.3063,0.2069,0.6709,0.3063,0.1338,0.5117,0.3063,-0.0402,0.3388,0.3063,-0.1147,0.317,-0.1721,-0.1099,0.332,-0.1721,-0.166,0.3248,-0.1721,-0.2669,0.2751,-0.1721,-0.4351,0.0538,-0.2619,-0.5655,-0.0292,-0.2619,-0.668,-0.0953,-0.2619,-0.7142,-0.0836,-0.2619,-0.6446,-0.0463,-0.1422,-0.5845,0.0171,-0.1422,-0.5452,0.0691,-0.1422,-0.4706,0.2298,-0.1422,-0.4129,0.2232,0.1269,-0.3534,0.2384,0.1269,-0.2974,0.2244,0.1269,-0.2611,0.2616,0.1269,-0.1861,0.305,0.5455,-0.0844,0.2731,0.5455,0.0212,0.3428,0.5455,0.1596,0.4323,0.5455,0.2307,0.4097,1.1435,0.3075,0.481,1.1435,0.3349,0.5522,1.1435,0.4879,0.6449,1.1435,0.6117,0.6739,1.6817,0.7612,0.8282,1.6817,0.9207,0.9631,1.6817,1.1156,1.1127,1.6817,1.2411,1.1297,1.7116,1.3754,1.3035,1.7116,1.4746,1.3917,1.7116,1.5198,1.4088,1.7116,1.5023,1.4014,1.4425,1.4514,1.4206,1.4425,1.3873,1.3505,1.4425,1.3364,1.2687,1.4425,1.2987,1.2696,1.1734,1.2023,1.1397,1.1734,1.1422,1.0697,1.1734,1.053,1.0235,1.1734,0.9753,0.9497,0.9641,0.9398,0.9207,0.9641,0.8884,0.8712,0.9641,0.8451,0.8324,0.9641,0.7717,0.7558,0.7847,0.7305,0.6688,0.7847,0.661,0.6188,0.7847,0.6369,0.5645,0.7847,0.5694,0.5053,0.4857,0.523,0.4432,0.4857,0.4725,0.3848,0.4857
2025-03-05,0.4219,0.4181,0.4857,0.4228,0.3908,0.4558,0.3441,0.3335,0.4558,0.3377,0.3027,0.4558,0.3226,0.2745,0.4558,0.2934,0.2782,0.4558,0.3034,0.257,0.4558,0.3029,0.2355,0.4558,0.3008,0.2311,0.4558,0.3014,0.234,0.4857,0.3367,0.245,0.4857,0.3233,0.246,0.4857,0.3086,0.2322,0.4857,0.3583,0.2683,0.5754,0.3725,0.2515,0.5754,0.372,0.2671,0.5754,0.3993,0.2757,0.5754,0.413,0.3342,0.7548,0.4294,0.343,0.7548,0.4843,0.3641,0.7548,0.507,0.3778,0.7548,0.5555,0.4727,1.0239,0.6148,0.5217,1.0239,0.6747,0.5806,1.0239,0.7459,0.6759,1.0239,0.8379,0.7622,1.4126,0.8743,0.8771,1.4126,0.9456,0.9159,1.4126,1.0057,0.9571,1.4126,1.1155,1.1466,1.3827,1.2241,1.1922,1.3827,1.312,1.3227,1.3827,1.3436,1.316,1.3827,1.3069,1.3441,0.9342,1.2664,1.3197,0.9342,1.1721,1.2404,0.9342,1.0898,1.1599,0.9342,0.9198,1.1328,0.3362,0.7894,1.0463,0.3362,0.628,0.9352,0.3362,0.4893,0.7824,0.3362,0.3188,0.6562,-0.0525,0.1541,0.5966,-0.0525,0.0152,0.4153,-0.0525,-0.0583,0.2827,-0.0525,-0.1696,0.2391,-0.4114,-0.2195,0.232,-0.4114,-0.2499,0.1282,-0.4114,-0.3471,0.0967,-0.4114,-0.4911,-0.0449,-0.4712,-0.6376,-0.2334,-0.4712,-0.7102,-0.2291,-0.4712,-0.7332,-0.2043,-0.4712,-0.74,-0.2213,-0.3217,-0.6769,-0.1366,-0.3217,-0.6209,-0.1343,-0.3217,-0.5804,0.0128,-0.3217,-0.5293,0.0241,-0.0226,-0.5314,-0.0185,-0.0226,-0.4779,-0.037,-0.0226,-0.4315,0.0663,-0.0226,-0.3454,0.1288,0.3661,-0.2779,0.0216,0.3661,-0.1525,-0.0161,0.3661,-0.0631,0.2478,0.3661,0.053,0.2704,0.9342,0.1619,0.3483,0.9342,0.2269,0.4516,0.9342,0.3757,0.5697,0.9342,0.5302,0.6507,1.4724,0.717,0.7834,1.4724,0.9212,0.9196,1.4724,1.099,1.0799,1.4724,1.2367,1.1256,1.4724,1.3274,1.2653,1.4724,1.3881,1.3236,1.4724,1.4394,1.3116,1.4724,1.449,1.3238,1.1734,1.3891,1.2775,1.1734,1.3529,1.2467,1.1734,1.2769,1.2258,1.1734,1.206,1.1503,0.9043,1.1288,1.039,0.9043,1.064,0.9969,0.9043,1.0038,0.9177,0.9043,0.9118,0.8335,0.695,0.8969,0.788,0.695,0.8144,0.7446,0.695,0.7539,0.7188,0.695,0.6884,0.657,0.5156,0.6542,0.591,0.5156,0.5991,0.5487,0.5156,0.5447,0.4782,0.5156,0.4799,0.3785,0.4857,0.4233,0.3481,0.4857,0.3564,0.2806,0.4857
2025-03-06,0.3481,0.2783,0.4857,0.3268,0.2466,0.4558,0.2876,0.1904,0.4558,0.2443,0.1569,0.4558,0.254,0.1363,0.4558,0.2028,0.1566,0.4558,0.22,0.1262,0.4558,0.1866,0.1306,0.4558,0.1912,0.1204,0.4558,0.1961,0.1134,0.5156,0.1739,0.13,0.5156,0.1949,0.1417,0.5156,0.2012,0.1656,0.5156,0.2101,0.1873,0.5754,0.2037,0.1698,0.5754,0.2244,0.2091,0.5754,0.2244,0.2209,0.5754,0.248,0.2582,0.7548,0.2945,0.2567,0.7548,0.3441,0.2887,0.7548,0.3417,0.3036,0.7548,0.4055,0.3599,1.0239,0.4591,0.4095,1.0239,0.5239,0.4705,1.0239,0.6269,0.5087,1.0239,0.6798,0.616,1.3827,0.7346,0.6776,1.3827,0.8119,0.7339,1.3827,0.8388,0.8181,1.3827,0.9732,0.9415,1.3229,1.0811,1.0077,1.3229,1.1632,1.0635,1.3229,1.171,1.0985,1.3229,1.1718,1.1619,0.8744,1.0897,1.2064,0.8744,0.9884,1.0217,0.8744,0.9182,0.9923,0.8744,0.7843,1.0127,0.2764,0.6624,0.9005,0.2764,0.5025,0.8142,0.2764,0.3514,0.6279,0.2764,0.2385,0.4732,-0.0525,0.0937,0.3474,-0.0525,-0.0566,0.2661,-0.0525,-0.1464,0.1695,-0.0525,-0.2269,0.1571,-0.4413,-0.2892,0.1233,-0.4413,-0.3076,0.0097,-0.4413,-0.412,-0.042,-0.4413,-0.5577,-0.2133,-0.5011,-0.6662,-0.3995,-0.5011,-0.7268,-0.4564,-0.5011,-0.7872,-0.3777,-0.5011,-0.7874,-0.3401,-0.2918,-0.7296,-0.2128,-0.2918,-0.6382,-0.1907,-0.2918,-0.3529,-0.1246,-0.2918,-0.4822,-0.1236,0.0073,-0.5735,-0.1625,0.0073,-0.5106,-0.1718,0.0073,-0.4342,-0.1859,0.0073,-0.4041,-0.1155,0.3362,-0.1364,-0.0972,0.3362,-0.0938,-0.0004,0.3362,-0.1054,0.1857,0.3362,0.0519,0.208,0.8744,0.3901,0.2231,0.8744,0.658,0.3482,0.8744,0.6919,0.4162,0.8744,0.7055,0.4655,1.4425,0.7613,0.6268,1.4425,0.9435,0.7677,1.4425,1.1001,0.9286,1.4425,1.2252,1.0441,1.5023,1.2997,1.1753,1.5023,1.408,1.2771,1.5023,1.4054,1.2747,1.5023,1.4146,1.2414,1.2631,1.3351,1.2292,1.2631,1.3125,1.1887,1.2631,1.2488,1.1604,1.2631,1.1658,1.1509,0.994,1.1163,1.0392,0.994,1.0683,0.9546,0.994,0.9908,0.8729,0.994,0.9238,0.7906,0.7847,0.8528,0.7424,0.7847,0.8276,0.6691,0.7847,0.767,0.6391,0.7847,0.7074,0.5957,0.5754,0.6348,0.5307,0.5754,0.5771,0.4952,0.5754,0.5238,0.4101,0.5754,0.4818,0.355,0.2166,0.4124,0.3045,0.2166,0.3855,0.2471,0.2166
2025-03-07,0.3311,0.2986,0.2166,0.2976,0.2751,0.1568,0.2742,0.2153,0.1568,0.2343,0.1975,0.1568,0.218,0.1595,0.1568,0.2077,0.1708,0.1568,0.1839,0.1369,0.1568,0.1881,0.1581,0.1568,0.2099,0.1391,0.1568,0.1952,0.1427,0.1867,0.1809,0.1498,0.1867,0.1749,0.1574,0.1867,0.1957,0.1689,0.1867,0.1943,0.179,0.2465,0.2334,0.19,0.2465,0.2306,0.2179,0.2465,0.2397,0.2163,0.2465,0.2493,0.2706,0.4558,0.3037,0.2667,0.4558,0.3381,0.2984,0.4558,0.3782,0.3178,0.4558,0.462,0.373,0.7249,0.4871,0.4188,0.7249,0.5278,0.4946,0.7249,0.6212,0.5418,0.7249,0.7101,0.6171,1.0837,0.7324,0.6751,1.0837,0.7989,0.726,1.0837,0.8619,0.8393,1.0837,0.9771,0.9166,1.1136,1.089,1.0138,1.1136,1.1422,1.0101,1.1136,1.1796,1.1278,1.1136,1.1912,1.2116,0.7967,1.1212,1.2651,0.7967,0.9594,1.0741,0.7967,0.9155,1.0502,0.7967,0.7932,1.0431,0.2345,0.6264,0.9167,0.2345,0.4999,0.8923,0.2345,0.3714,0.7759,0.2345,0.2615,0.6384,-0.1452,0.1009,0.5299,-0.1452,-0.0384,0.3351,-0.1452,-0.1519,0.2304,-0.1452,-0.2441,0.1376,-0.513,-0.2895,0.1524,-0.513,-0.3415,0.0205,-0.513,-0.401,0.0728,-0.513,-0.5551,-0.1231,-0.5698,-0.7008,-0.288,-0.5698,-0.7769,-0.2842,-0.5698,-0.8157,-0.2772,-0.5698,-0.8137,-0.3108,-0.3785,-0.7827,-0.2102,-0.3785,-0.6811,-0.0931,-0.3785,-0.668,-0.0442,-0.3785,-0.6442,-0.0371,-0.0735,-0.5854,-0.1089,-0.0735,-0.5528,-0.1293,-0.0735,-0.4741,-0.0341,-0.0735,-0.3691,-0.0895,0.2913,-0.2993,0.0006,0.2913,-0.2056,0.1114,0.2913,-0.0963,0.2499,0.2913,-0.0212,0.2535,0.8206,0.0518,0.2555,0.8206,0.1756,0.3732,0.8206,0.3175,0.5125,0.8206,0.4924,0.6021,1.3857,0.6799,0.7473,1.3857,0.861,0.839,1.3857,1.0593,1.0148,1.3857,1.1607,1.0799,1.4246,1.2623,1.1329,1.4246,1.341,1.2351,1.4246,1.4175,1.3017,1.4246,1.4538,1.3171,1.1345,1.4125,1.2826,1.1345,1.3645,1.2451,1.1345,1.3191,1.201,1.1345,1.2511,1.0974,0.8804,1.1563,1.0176,0.8804,1.0899,0.9365,0.8804,0.9949,0.8785,0.8804,0.9187,0.7806,0.683,0.8853,0.721,0.683,0.864,0.6479,0.683,0.8115,0.6294,0.683,0.7365,0.5705,0.4767,0.7021,0.5179,0.4767,0.6538,0.4803,0.4767,0.6229,0.4223,0.4767,0.5704,0.3298,0.405,0.5086,0.2849,0.405,0.4456,0.2625,0.405
2025-03-08,0.436,0.3058,0.405,0.4201,0.291,0.3272,0.3783,0.2505,0.3272,0.3298,0.214,0.3272,0.3013,0.1944,0.3272,0.2874,0.2052,0.3212,0.2609,0.1598,0.3212,0.2407,0.176,0.3212,0.2187,0.141,0.3212,0.2249,0.1454,0.3661,0.2085,0.1468,0.3661,0.2255,0.152,0.3661,0.2095,0.171,0.3661,0.2326,0.1595,0.4319,0.2258,0.1847,0.4319,0.2574,0.1887,0.4319,0.2587,0.1904,0.4319,0.2465,0.276,0.5425,0.2866,0.2588,0.5425,0.3096,0.2855,0.5425,0.3302,0.3228,0.5425,0.3683,0.3602,0.6113,0.3789,0.3725,0.6113,0.4037,0.4339,0.6113,0.4721,0.4734,0.6113,0.5117,0.4932,0.7967,0.5331,0.545,0.7967,0.5462,0.5249,0.7967,0.5496,0.551,0.7967,0.6164,0.5876,0.9073,0.6662,0.6319,0.9073,0.7043,0.7142,0.9073,0.6889,0.6966,0.9073,0.7229,0.763,0.5754,0.614,0.7877,0.5754,0.5269,0.6471,0.5754,0.4646,0.6083,0.5754,0.4144,0.6223,0.1,0.2943,0.4561,0.1,0.1704,0.4383,0.1,0.0373,0.2624,0.1,-0.1457,0.1836,-0.229,-0.2408,0.0609,-0.229,-0.3595,-0.1534,-0.229,-0.4748,-0.2328,-0.229,-0.6065,-0.2497,-0.4891,-0.6301,-0.3075,-0.4891,-0.6205,-0.3991,-0.4891,-0.5857,-0.4357,-0.4891,-0.7125,-0.4715,-0.6207,-0.8558,-0.6049,-0.6207,-0.9107,-0.6873,-0.6207,-0.9688,-0.6634,-0.6207,-1.0192,-0.7883,-0.5788,-1.0015,-0.6408,-0.5788,-0.9818,-0.6083,-0.5788,-0.9361,-0.6059,-0.5788,-0.902,-0.5578,-0.3755,-0.9026,-0.5911,-0.3755,-0.8477,-0.5285,-0.3755,-0.7807,-0.4003,-0.3755,-0.7026,-0.4222,0.0252,-0.575,-0.45,0.0252,-0.4945,-0.3802,0.0252,-0.3448,-0.2142,0.0252,-0.2711,-0.1254,0.6083,-0.1519,-0.027,0.6083,-0.0644,0.1281,0.6083,0.1804,0.2215,0.6083,0.3351,0.3093,1.1405,0.4978,0.4608,1.1405,0.6851,0.564,1.1405,0.7784,0.7038,1.1405,0.9181,0.9095,1.2661,0.9957,0.9662,1.2661,1.0718,1.0564,1.2661,1.1089,1.1188,1.2661,1.1298,1.0948,1.0149,1.1035,1.0662,1.0149,1.0266,1.0105,1.0149,0.9713,0.9461,1.0149,0.9311,0.8789,0.7548,0.8633,0.8506,0.7548,0.7918,0.7936,0.7548,0.7426,0.6982,0.7548,0.6665,0.626,0.5784,0.6398,0.5808,0.5784,0.5833,0.5366,0.5784,0.5501,0.5298,0.5784,0.5079,0.4719,0.399,0.4893,0.4381,0.399,0.4197,0.3761,0.399,0.3717,0.3296,0.399,0.3163,0.2499,0.1926,0.2789,0.2212,0.1926,0.2268,0.1539,0.1926
2025-03-09,0.2087,0.1849,0.1926,0.1876,0.1553,0.094,0.1257,0.1226,0.094,0.1116,0.0742,0.094,0.076,0.0708,0.094,0.0477,0.0526,0.1119,0.0347,0.0321,0.1119,0.0406,0.0119,0.1119,0.0239,0.0057,0.1119,0.0154,0.0164,0.1388,0.0001,0.0156,0.1388,0.0215,0.0103,0.1388,-0.0011,0.0071,0.1388,0.0042,0.0508,0.1956,0.0113,0.0309,0.1956,0.0207,0.0482,0.1956,0.0281,0.0718,0.1956,0.0794,0.105,0.2614,0.0973,0.1295,0.2614,0.103,0.1375,0.2614,0.1108,0.1528,0.2614,0.154,0.1961,0.2166,0.1741,0.205,0.2166,0.2164,0.2667,0.2166,0.2404,0.2602,0.2166,0.2492,0.2706,0.2913,0.2393,0.2892,0.2913,0.2609,0.3027,0.2913,0.2156,0.2543,0.2913,0.2906,0.2903,0.396,0.2953,0.3314,0.396,0.3289,0.3393,0.396,0.2944,0.3515,0.396,0.241,0.4248,0.2285,0.1967,0.4063,0.2285,0.2106,0.2906,0.2285,0.2807,0.3366,0.2285,0.2751,0.3361,-0.2858,0.1939,0.2294,-0.2858,0.1443,0.216,-0.2858,0.1199,0.1397,-0.2858,-0.0852,0.094,-0.6835,-0.2172,0.0356,-0.6835,-0.4785,-0.1666,-0.6835,-0.6499,-0.3465,-0.6835,-0.7399,-0.3107,-0.8659,-0.6167,-0.3479,-0.8659,-0.6402,-0.3752,-0.8659,-0.3152,-0.5127,-0.8659,-0.1242,-0.5847,-0.9526,-0.2142,-0.7977,-0.9526,-0.4274,-0.7416,-0.9526,-0.7124,-0.7563,-0.9526,-1.216,-0.8821,-0.8509,-1.2815,-0.7384,-0.8509,-1.2278,-0.6954,-0.8509,-0.8208,-0.653,-0.8509,-0.5546,-0.6044,-0.522,-0.6819,-0.603,-0.522,-0.6713,-0.6101,-0.522,-0.5788,-0.4961,-0.522,-0.7245,-0.4605,-0.1452,-0.7086,-0.4605,-0.1452,-0.4506,-0.3115,-0.1452,-0.2792,-0.1831,-0.1452,-0.1858,-0.1542,0.4677,0.0018,-0.0406,0.4677,0.1721,0.0561,0.4677,0.3015,0.1368,0.4677,0.4467,0.205,0.9731,0.5032,0.374,0.9731,0.619,0.5126,0.9731,0.7479,0.5867,0.9731,0.8712,0.7697,1.0837,0.9454,0.8217,1.0837,0.9619,0.8679,1.0837,1.0091,0.917,1.0837,0.9944,0.9318,0.9013,0.9298,0.9018,0.9013,0.8801,0.8522,0.9013,0.8487,0.8334,0.9013,0.7772,0.7923,0.695,0.7019,0.7767,0.695,0.6379,0.7244,0.695,0.5917,0.6465,0.695,0.5422,0.5776,0.4976,0.4833,0.5178,0.4976,0.4465,0.4712,0.4976,0.3678,0.4341,0.4976,0.3596,0.3551,0.2853,0.2792,0.3205,0.2853,0.2471,0.2934,0.2853,0.1906,0.2257,0.2853,0.1248,0.1458,0.0521,0.077,0.0919,0.0521,0.0178,0.0633,0.0521
2025-03-10,-0.0346,0.0306,0.0521,-0.0499,0.0188,-0.0226,-0.0609,-0.0211,-0.0226,-0.1191,-0.0552,-0.0226,-0.1435,-0.0966,-0.0226,-0.1483,-0.1034,0.0073,-0.1784,-0.1191,0.0073,-0.1853,-0.1346,0.0073,-0.1994,-0.1217,0.0073,-0.1791,-0.118,0.091,-0.1977,-0.1107,0.091,-0.1603,-0.1027,0.091,-0.178,-0.101,0.091,-0.1613,-0.0749,0.1657,-0.1297,-0.0791,0.1657,-0.1221,-0.0668,0.1657,-0.082,-0.0576,0.1657,-0.0503,-0.0226,0.3422,-0.0317,-0.0006,0.3422,0.0017,0.025,0.3422,0.0408,0.0478,0.3422,0.1035,0.1233,0.5873,0.1257,0.1494,0.5873,0.1995,0.2031,0.5873,0.2487,0.2812,0.5873,0.3848,0.411,1.0359,0.4444,0.49,1.0359,0.5378,0.5439,1.0359,0.6358,0.6102,1.0359,0.7707,0.6797,1.3349,0.8855,0.7567,1.3349,0.9752,0.7874,1.3349,1.0942,0.9,1.3349,1.1817,0.9917,1.0867,1.2729,0.9806,1.0867,1.2917,1.0013,1.0867,1.4408,0.9499,1.0867,1.3883,1.0643,0.689,1.1977,0.9037,0.689,0.8378,0.9186,0.689,0.5411,0.7564,0.689,0.442,0.6997,0.402,0.1823,0.5963,0.402,0.0631,0.4617,0.402,-0.1572,0.353,0.402,-0.379,0.3484,-0.202,-0.4091,0.2216,-0.202,-0.4336,0.1168,-0.202,-0.4934,0.0805,-0.202,-0.6,-0.1083,-0.3994,-0.8014,-0.2891,-0.3994,-0.8553,-0.3774,-0.3994,-0.9291,-0.3219,-0.3994,-0.9104,-0.313,-0.2798,-0.8638,-0.1719,-0.2798,-0.8264,-0.0475,-0.2798,-0.8243,-0.1835,-0.2798,-0.716,-0.1418,-0.0286,-0.7155,-0.1703,-0.0286,-0.6579,-0.1314,-0.0286,-0.5964,0.0993,-0.0286,-0.5176,0.021,0.3691,-0.399,0.0512,0.3691,-0.3049,0.1055,0.3691,-0.237,0.1564,0.3691,-0.068,0.2151,0.8654,-0.0026,0.3495,0.8654,0.155,0.3561,0.8654,0.2486,0.431,0.8654,0.4485,0.4523,1.3409,0.5573,0.5936,1.3409,0.71,0.6812,1.3409,0.8839,0.7409,1.3409,1.0427,0.9242,1.4485,1.2146,1.0176,1.4485,1.2808,1.1238,1.4485,1.3165,1.1762,1.4485,1.3576,1.1587,1.1316,1.2838,1.1411,1.1316,1.207,1.0817,1.1316,1.1472,1.0053,1.1316,1.0848,0.961,0.8624,0.998,0.9303,0.8624,0.9258,0.8446,0.8624,0.8808,0.7808,0.8624,0.7906,0.691,0.6382,0.7509,0.655,0.6382,0.677,0.5957,0.6382,0.6603,0.5301,0.6382,0.5533,0.4871,0.396,0.5206,0.425,0.396,0.4648,0.3723,0.396,0.3902,0.3271,0.396,0.3282,0.238,0.2614,0.278,0.2163,0.2614,0.2086,0.1611,0.2614
2025-03-11,0.1884,0.0397,0.2614,0.1233,0.0289,0.2046,0.1299,-0.0213,0.2046,0.0708,-0.0739,0.2046,0.027,-0.074,0.2046,0.0544,-0.0951,0.1926,0.0262,-0.1123,0.1926,0.0087,-0.1071,0.1926,0.0045,-0.1059,0.1926,0.0273,-0.0943,0.2674,0.0179,-0.0878,0.2674,0.0202,-0.0866,0.2674,0.0048,-0.0612,0.2674,0.0597,-0.0595,0.3721,0.0477,-0.0589,0.3721,0.0778,-0.0421,0.3721,0.088,-0.0464,0.3721,0.105,0.014,0.5724,0.1277,-0.0019,0.5724,0.1598,0.0498,0.5724,0.1833,0.0618,0.5724,0.2477,0.1374,0.8176,0.2815,0.1781,0.8176,0.3659,0.2068,0.8176,0.4475,0.2679,0.8176,0.5443,0.3568,1.1286,0.6247,0.4239,1.1286,0.7109,0.4533,1.1286,0.7687,0.4935,1.1286,0.9016,0.6198,1.2512,0.9313,0.6341,1.2512,0.9708,0.688,1.2512,0.9058,0.7476,1.2512,0.8385,0.7394,0.9163,0.888,0.7692,0.9163,0.9167,0.7429,0.9163,0.8414,0.7128,0.9163,0.7885,0.8055,0.5156,0.495,0.6848,0.5156,0.2662,0.5472,0.5156,0.1724,0.3397,0.5156,-0.0058,0.2122,0.2943,-0.1615,0.1666,0.2943,-0.2303,0.0117,0.2943,-0.3373,-0.1736,0.2943,-0.416,-0.1777,-0.2469,-0.4971,-0.154,-0.2469,-0.476,-0.2247,-0.2469,-0.4904,-0.3384,-0.2469,-0.6353,-0.501,-0.3007,-0.6707,-0.6547,-0.3007,-0.8967,-0.5971,-0.3007,-0.6766,-0.5999,-0.3007,-0.555,-0.6611,-0.1004,-0.561,-0.5528,-0.1004,-0.879,-0.532,-0.1004,-0.5202,-0.4352,-0.1004,-0.6289,-0.5049,0.1598,-0.5774,-0.4659,0.1598,-0.4236,-0.2775,0.1598,0.0171,-0.1307,0.1598,0.2286,-0.0919,0.6083,0.1327,-0.0505,0.6083,0.3153,-0.0292,0.6083,0.4648,0.1398,0.6083,0.5198,0.1758,1.0149,0.463,0.3157,1.0149,0.5117,0.3541,1.0149,0.58,0.4563,1.0149,0.6694,0.4944,1.3648,0.74,0.5723,1.3648,0.8171,0.6626,1.3648,0.9398,0.7871,1.3648,1.0691,0.9422,1.4156,1.2056,1.0054,1.4156,1.2776,1.08,1.4156,1.2789,1.1548,1.4156,1.2685,1.1193,1.1465,1.2378,1.062,1.1465,1.1519,0.9965,1.1465,1.1214,0.9735,1.1465,1.0437,0.9128,0.9222,0.9776,0.8517,0.9222,0.9572,0.7631,0.9222,0.8704,0.6862,0.9222,0.8223,0.5988,0.704,0.7657,0.5696,0.704,0.6874,0.4842,0.704,0.6582,0.4255,0.704,0.5767,0.3784,0.4887,0.541,0.3198,0.4887,0.4368,0.2702,0.4887,0.4431,0.2199,0.4887,0.3157,0.1277,0.2853,0.2709,0.0794,0.2853,0.2325,0.0371,0.2853
2025-03-12,0.1938,0.6223,0.2853,0.1757,0.6122,0.2076,0.1593,0.548,0.2076,0.1066,0.5279,0.2076,0.1076,0.4962,0.2076,0.0802,0.4945,0.2166,0.0744,0.4615,0.2166,0.0728,0.4399,0.2166,0.0319,0.4431,0.2166,0.0553,0.4058,0.2704,0.0467,0.4722,0.2704,0.0573,0.4538,0.2704,0.0651,0.4998,0.2704,0.0589,0.4666,0.3511,0.0852,0.4615,0.3511,0.0999,0.4671,0.3511,0.1098,0.5107,0.3511,0.1219,0.5319,0.5156,0.1568,0.5455,0.5156,0.1637,0.5759,0.5156,0.2029,0.6137,0.5156,0.2746,0.7279,0.8266,0.292,0.7587,0.8266,0.3602,0.7836,0.8266,0.4339,0.8294,0.8266,0.5534,0.8492,1.2571,0.6083,0.9392,1.2571,0.6891,0.9458,1.2571,0.7394,0.9735,1.2571,0.8859,1.0503,1.5173,0.9687,1.1425,1.5173,1.0254,1.212,1.5173,1.1223,1.2626,1.5173,1.1477,1.3334,1.2542,1.101,1.3023,1.2542,1.0695,1.3237,1.2542,0.9723,1.3439,1.2542,0.9317,1.3316,0.8206,0.8821,1.3111,0.8206,0.8315,1.1925,0.8206,0.8561,1.1364,0.8206,0.8562,1.1328,0.6053,0.6281,1.1374,0.6053,0.3313,0.9781,0.6053,0.5225,0.9882,0.6053,0.5857,1.0341,0.1568,0.6021,1.1003,0.1568,0.6773,1.1819,0.1568,0.4475,1.0633,0.1568,0.323,0.8328,0.073,0.1227,0.5396,0.073,0.0171,0.4355,0.073,0.1131,0.4462,0.073,0.2801,0.5251,-0.0496,0.4399,0.5943,-0.0496,0.4509,0.5854,-0.0496,0.4283,0.6017,-0.0496,0.4779,0.7381,-0.0107,0.5395,0.8488,-0.0107,0.6044,1.008,-0.0107,0.5627,1.2287,-0.0107,0.6566,1.193,0.4109,0.6728,1.1951,0.4109,0.6884,1.1801,0.4109,0.7149,1.2505,0.4109,0.7391,1.3495,1.0,0.8073,1.2852,1.0,0.8754,1.3372,1.0,0.9091,1.355,1.0,0.955,1.346,1.5203,1.049,1.3715,1.5203,1.1657,1.4727,1.5203,1.2561,1.5078,1.5203,1.351,1.5482,1.6817,1.4927,1.5726,1.6817,1.5211,1.6033,1.6817,1.479,1.6767,1.6817,1.4595,1.6405,1.2781,1.4222,1.6006,1.2781,1.345,1.5289,1.2781,1.2913,1.585,1.2781,1.2524,1.5054,1.0299,1.1662,1.4484,1.0299,1.0879,1.3578,1.0299,1.055,1.301,1.0299,0.9737,1.2414,0.8116,0.9328,1.189,0.8116,0.8682,1.1543,0.8116,0.8209,1.0981,0.8116,0.7338,1.0245,0.5186,0.6871,1.0181,0.5186,0.6051,0.932,0.5186,0.5365,0.938,0.5186,0.4703,0.8404,0.4737,0.4099,0.8404,0.4737,0.3512,0.8015,0.4737
2025-03-13,0.3322,0.272,0.4737,0.2918,0.2035,0.3422,0.244,0.1836,0.3422,0.2131,0.1405,0.3422,0.194,0.1499,0.3422,0.1847,0.1364,0.3182,0.1575,0.1169,0.3182,0.1757,0.1323,0.3182,0.1519,0.0913,0.3182,0.1784,0.1185,0.3511,0.1628,0.1247,0.3511,0.1773,0.1063,0.3511,0.1986,0.1094,0.3511,0.1986,0.1408,0.4498,0.2003,0.1396,0.4498,0.2193,0.153,0.4498,0.1986,0.1823,0.4498,0.2188,0.1768,0.68,0.2533,0.2077,0.68,0.2806,0.2133,0.68,0.2827,0.2605,0.68,0.3831,0.3247,0.9282,0.4095,0.3814,0.9282,0.4638,0.4337,0.9282,0.5398,0.4656,0.9282,0.6558,0.5552,1.2482,0.7113,0.5929,1.2482,0.7953,0.6279,1.2482,0.8736,0.687,1.2482,0.9694,0.8582,1.3738,1.0011,0.8924,1.3738,0.9654,0.9743,1.3738,0.9954,1.0393,1.3738,1.1127,1.1193,1.1166,1.0892,1.1628,1.1166,1.0606,1.0426,1.1166,1.1179,1.0265,1.1166,1.2266,1.0008,0.8206,1.1658,0.8932,0.8206,1.0317,0.8075,0.8206,0.8788,0.7398,0.8206,0.6705,0.7102,0.6083,0.3565,0.6175,0.6083,0.2981,0.5169,0.6083,0.2066,0.3973,0.6083,0.0085,0.2932,0.1328,-0.1758,0.2775,0.1328,-0.387,0.3109,0.1328,-0.4555,0.1345,0.1328,-0.5907,-0.0994,0.1179,-0.7896,-0.3714,0.1179,-0.9163,-0.3987,0.1179,-0.9684,-0.3209,0.1179,-0.9031,-0.3668,0.1598,-0.8407,-0.3358,0.1598,-0.7259,-0.1646,0.1598,-0.5839,-0.2547,0.1598,-0.5027,-0.3134,0.4319,-0.3057,-0.2253,0.4319,0.0281,-0.2331,0.4319,0.0409,-0.0545,0.4319,0.2561,-0.1067,0.8385,0.4355,-0.062,0.8385,0.7236,0.0007,0.8385,0.7247,0.1047,0.8385,0.8273,0.1571,1.2272,0.7119,0.247,1.2272,0.7167,0.2468,1.2272,0.8724,0.3222,1.2272,0.8896,0.3958,1.5442,0.9885,0.5424,1.5442,1.0645,0.7,1.5442,1.1987,0.8067,1.5442,1.352,1.0209,1.5621,1.4403,1.1226,1.5621,1.4786,1.2626,1.5621,1.4975,1.3113,1.5621,1.5019,1.2877,1.308,1.4688,1.2598,1.308,1.3938,1.1874,1.308,1.3483,1.1323,1.308,1.2979,1.1055,1.1286,1.2353,1.0014,1.1286,1.1835,0.9448,1.1286,1.123,0.9082,1.1286,1.0475,0.8081,0.9103,1.0535,0.7964,0.9103,1.0028,0.7323,0.9103,0.9561,0.6802,0.9103,0.8693,0.6687,0.683,0.8559,0.6334,0.683,0.7511,0.5681,0.683,0.7634,0.5466,0.683,0.6605,0.4606,0.5425,0.6274,0.4221,0.5425,0.5728,0.3966,0.5425
2025-03-14,0.5488,0.3928,0.5425,0.4838,0.3441,0.5126,0.4683,0.3321,0.5126,0.436,0.2922,0.5126,0.3556,0.2779,0.5126,0.3328,0.2723,0.5066,0.3345,0.2425,0.5066,0.3297,0.2337,0.5066,0.3262,0.2195,0.5066,0.3154,0.2244,0.5395,0.3004,0.2589,0.5395,0.2912,0.2668,0.5395,0.3117,0.2753,0.5395,0.3592,0.287,0.6292,0.3494,0.3117,0.6292,0.3611,0.3133,0.6292,0.3773,0.3379,0.6292,0.375,0.3536,0.8475,0.4117,0.374,0.8475,0.4141,0.4011,0.8475,0.45,0.4213,0.8475,0.5104,0.4898,0.9611,0.5121,0.5209,0.9611,0.5988,0.5653,0.9611,0.6627,0.6522,0.9611,0.7793,0.7354,1.2571,0.825,0.7956,1.2571,0.8938,0.8087,1.2571,0.904,0.8757,1.2571,1.0803,1.0433,1.3827,1.1544,1.1414,1.3827,1.2727,1.1979,1.3827,1.3615,1.2504,1.3827,1.422,1.2897,1.0448,1.3424,1.2398,1.0448,1.2489,1.1457,1.0448,1.2488,1.1596,1.0448,1.2329,1.1018,0.6711,0.9717,0.9633,0.6711,0.6598,0.8527,0.6711,0.4015,0.7301,0.6711,0.1982,0.6856,0.4767,0.3436,0.5968,0.4767,0.4135,0.3862,0.4767,0.1191,0.2881,0.4767,-0.0982,0.2348,0.0671,-0.0687,0.1539,0.0671,-0.0473,0.212,0.0671,0.1277,0.0869,0.0671,-0.1348,-0.075,0.0461,-0.1385,-0.1953,0.0461,-0.1529,-0.137,0.0461,-0.2391,-0.1203,0.0461,-0.3172,-0.1651,0.3212,-0.4829,-0.1364,0.3212,-0.104,-0.1075,0.3212,0.2116,-0.0395,0.3212,0.1064,-0.1203,0.6232,-0.12,-0.0667,0.6232,0.369,-0.014,0.6232,0.5069,0.144,0.6232,0.5715,0.2892,0.994,0.7665,0.2577,0.994,0.8684,0.3706,0.994,0.8078,0.3507,0.994,0.8733,0.4032,1.3229,0.879,0.3811,1.3229,0.8129,0.4041,1.3229,0.875,0.5292,1.3229,0.9093,0.6197,1.6758,1.0478,0.8419,1.6758,1.1519,0.8872,1.6758,1.2812,1.068,1.6758,1.406,1.1719,1.6937,1.4906,1.2665,1.6937,1.5661,1.3631,1.6937,1.64,1.3969,1.6937,1.6409,1.3821,1.4605,1.6191,1.3991,1.4605,1.5717,1.3121,1.4605,1.488,1.2614,1.4605,1.4525,1.1871,1.2392,1.3571,1.1029,1.2392,1.2768,1.0288,1.2392,1.2134,0.9869,1.2392,1.1417,0.9135,1.0419,1.0857,0.9017,1.0419,1.0255,0.8342,1.0419,1.0148,0.7791,1.0419,0.932,0.7549,0.8475,0.8899,0.7409,0.8475,0.8326,0.6765,0.8475,0.825,0.6384,0.8475,0.7013,0.5538,0.686,0.6678,0.5091,0.686,0.6398,0.4535,0.686
2025-03-15,0.6009,0.4612,0.686,0.582,0.4149,0.4229,0.55,0.3831,0.4229,0.4934,0.3477,0.4229,0.4612,0.3,0.4229,0.4561,0.3128,0.3422,0.4335,0.2575,0.3422,0.41,0.2525,0.3422,0.3918,0.2431,0.3422,0.4045,0.2265,0.3152,0.3904,0.2207,0.3152,0.359,0.2771,0.3152,0.3953,0.2911,0.3152,0.4022,0.3088,0.378,0.3897,0.2958,0.378,0.4156,0.2882,0.378,0.4279,0.3217,0.378,0.4374,0.3329,0.5186,0.4717,0.3597,0.5186,0.4791,0.372,0.5186,0.4738,0.3909,0.5186,0.5359,0.4546,0.5425,0.5248,0.5039,0.5425,0.5514,0.5375,0.5425,0.6042,0.5621,0.5425,0.6241,0.576,0.6232,0.6451,0.5666,0.6232,0.6566,0.5304,0.6232,0.6069,0.6014,0.6232,0.6473,0.6906,0.707,0.65,0.7519,0.707,0.7109,0.7908,0.707,0.831,0.8422,0.707,0.8057,0.8486,0.6621,0.7822,0.8484,0.6621,0.8449,0.8941,0.6621,0.7866,0.8829,0.6621,0.6329,0.8815,0.3152,0.5343,0.8425,0.3152,0.4817,0.8384,0.3152,0.1636,0.7468,0.3152,0.2556,0.6394,0.0581,0.1102,0.5362,0.0581,-0.0296,0.4252,0.0581,-0.0435,0.386,0.0581,0.0684,0.2472,-0.223,-0.0664,0.1186,-0.223,0.0314,0.2429,-0.223,0.3983,0.1451,-0.223,0.2562,-0.0202,-0.2409,0.0389,-0.0341,-0.2409,-0.1365,-0.14,-0.2409,-0.1606,-0.1296,-0.2409,-0.6232,-0.1367,0.0103,-1.0019,-0.0691,0.0103,-0.9303,-0.1112,0.0103,-0.8821,-0.1706,0.0103,-0.6472,-0.0773,0.4737,-0.6269,-0.0273,0.4737,-0.6352,0.182,0.4737,-0.6927,0.2338,0.4737,-0.6769,0.2597,0.8595,-0.2344,0.3514,0.8595,0.0229,0.4212,0.8595,0.115,0.4169,0.8595,0.327,0.4004,1.1884,0.3861,0.4417,1.1884,0.3199,0.4604,1.1884,0.4784,0.4961,1.1884,0.6157,0.6064,1.5053,0.7299,0.6947,1.5053,0.9322,0.7433,1.5053,1.0469,0.9153,1.5053,1.1875,0.9747,1.4575,1.3116,1.0867,1.4575,1.3808,1.2305,1.4575,1.4132,1.2837,1.4575,1.3805,1.3351,1.2452,1.3787,1.3235,1.2452,1.2957,1.2387,1.2452,1.2585,1.2024,1.2452,1.1637,1.1221,1.006,1.1011,1.0647,1.006,0.9915,1.0079,1.006,0.9119,0.9492,1.006,0.8372,0.884,0.8206,0.7892,0.8474,0.8206,0.7572,0.7897,0.8206,0.7249,0.7478,0.8206,0.674,0.7328,0.6292,0.6519,0.6939,0.6292,0.6462,0.6278,0.6292,0.5854,0.6127,0.6292,0.5097,0.5317,0.6113,0.4539,0.4642,0.6113,0.4302,0.4284,0.6113
2025-03-16,0.3899,0.4653,0.6113,0.3748,0.4328,0.3093,0.3323,0.4089,0.3093,0.296,0.3816,0.3093,0.2714,0.3722,0.3093,0.2643,0.3381,0.2644,0.2308,0.3234,0.2644,0.2163,0.3077,0.2644,0.2353,0.3116,0.2644,0.2236,0.3185,0.2883,0.2243,0.3226,0.2883,0.2289,0.3348,0.2883,0.2083,0.3759,0.2883,0.2244,0.3468,0.3541,0.2362,0.3672,0.3541,0.2394,0.337,0.3541,0.2684,0.3636,0.3541,0.2707,0.3722,0.4438,0.2875,0.3638,0.4438,0.309,0.3996,0.4438,0.3115,0.4143,0.4438,0.3397,0.4448,0.4229,0.339,0.496,0.4229,0.3843,0.517,0.4229,0.3948,0.5567,0.4229,0.4246,0.5713,0.4468,0.4208,0.5756,0.4468,0.4209,0.4961,0.4468,0.3782,0.5721,0.4468,0.4262,0.605,0.4648,0.452,0.6035,0.4648,0.5283,0.6429,0.4648,0.5326,0.6423,0.4648,0.597,0.6913,0.2584,0.5924,0.6966,0.2584,0.6679,0.699,0.2584,0.7295,0.6651,0.2584,0.7813,0.6979,-0.1303,0.8017,0.6853,-0.1303,0.7703,0.7772,-0.1303,0.7621,0.6249,-0.1303,0.7827,0.5862,-0.4801,0.7503,0.4775,-0.4801,0.6614,0.2862,-0.4801,0.6991,0.2714,-0.4801,0.5829,0.1839,-0.7313,0.4853,0.0551,-0.7313,0.4135,-0.0072,-0.7313,0.3579,0.2201,-0.7313,0.2118,0.1501,-0.8539,0.1692,-0.0063,-0.8539,0.0283,-0.182,-0.8539,-0.0535,-0.1088,-0.8539,-0.1422,-0.2176,-0.7074,-0.2608,-0.0812,-0.7074,-0.3733,-0.2005,-0.7074,-0.3483,-0.0571,-0.7074,-0.2681,-0.124,-0.3336,-0.1128,-0.1674,-0.3336,-0.0898,-0.028,-0.3336,0.0588,0.1562,-0.3336,0.1656,0.2128,0.0372,0.24,0.2654,0.0372,0.311,0.2643,0.0372,0.2941,0.3691,0.0372,0.3048,0.3251,0.5664,0.3721,0.3876,0.5664,0.4416,0.542,0.5664,0.5203,0.6025,0.5664,0.6318,0.6321,1.1106,0.7252,0.7073,1.1106,0.8173,0.8385,1.1106,0.9418,0.923,1.1106,1.091,1.0048,1.1435,1.1944,1.1301,1.1435,1.2434,1.212,1.1435,1.2925,1.1977,1.1435,1.2938,1.2849,1.0658,1.2447,1.2774,1.0658,1.201,1.2051,1.0658,1.1724,1.1844,1.0658,1.1041,1.0877,0.8116,1.0227,1.0263,0.8116,0.9699,0.9764,0.8116,0.9281,0.9234,0.8116,0.8892,0.8439,0.6202,0.8094,0.806,0.6202,0.7837,0.7757,0.6202,0.7345,0.7476,0.6202,0.6709,0.7021,0.4378,0.6482,0.6482,0.4378,0.5762,0.6295,0.4378,0.5562,0.5912,0.4378,0.4753,0.5142,0.3212,0.4214,0.4661,0.3212,0.3803,0.4237,0.3212
2025-03-17,0.3495,0.3842,0.3212,0.3275,0.3711,0.2584,0.2799,0.3079,0.2584,0.2269,0.3344,0.2584,0.2379,0.311,0.2584,0.1929,0.2766,0.2435,0.2233,0.319,0.2435,0.177,0.2648,0.2435,0.1826,0.2672,0.2435,0.1862,0.2709,0.2704,0.1705,0.3035,0.2704,0.1923,0.2986,0.2704,0.1636,0.3447,0.2704,0.1989,0.3176,0.3541,0.2265,0.3464,0.3541,0.2247,0.3293,0.3541,0.2367,0.3623,0.3541,0.2546,0.3882,0.5574,0.2738,0.3904,0.5574,0.3243,0.4168,0.5574,0.3318,0.4679,0.5574,0.4073,0.52,0.8116,0.4549,0.5736,0.8116,0.5189,0.6285,0.8116,0.5824,0.6676,0.8116,0.6867,0.8038,1.006,0.7579,0.8532,1.006,0.8355,0.9184,1.006,0.8885,1.0126,1.006,0.9852,1.1708,1.003,0.9931,1.2459,1.003,1.022,1.287,1.003,1.0129,1.3813,1.003,0.9754,1.3628,0.5844,0.82,1.2979,0.5844,0.6715,1.2147,0.5844,0.5306,1.169,0.5844,0.3784,0.9903,-0.0077,0.2732,0.8988,-0.0077,0.0994,0.7,-0.0077,-0.0575,0.529,-0.0077,-0.0501,0.521,-0.3545,-0.1648,0.252,-0.3545,-0.3051,0.2132,-0.3545,-0.3463,0.0732,-0.3545,-0.2907,-0.0021,-0.7522,-0.3901,-0.0438,-0.7522,-0.4859,0.0016,-0.7522,-0.5063,-0.1534,-0.7522,-0.6295,-0.4251,-0.7403,-0.7027,-0.5831,-0.7403,-0.8424,-0.6332,-0.7403,-0.8886,-0.5442,-0.7403,-0.8907,-0.523,-0.51,-0.8477,-0.4636,-0.51,-0.8133,-0.4211,-0.51,-0.8168,-0.3545,-0.51,-0.7629,-0.3535,-0.1422,-0.7174,-0.3133,-0.1422,-0.7029,-0.2613,-0.1422,-0.6962,-0.2264,-0.1422,-0.6226,-0.046,0.2196,-0.5726,0.0061,0.2196,-0.422,0.084,0.2196,-0.3416,0.0632,0.2196,-0.2239,0.0092,0.7847,-0.1109,0.0674,0.7847,0.0054,0.1421,0.7847,0.1227,0.1826,0.7847,0.323,0.3619,1.2422,0.5499,0.4905,1.2422,0.7426,0.5743,1.2422,0.9056,0.7837,1.2422,1.0592,0.8954,1.293,1.233,1.1324,1.293,1.3279,1.2878,1.293,1.3343,1.3027,1.293,1.3536,1.3286,1.1256,1.3295,1.3645,1.1256,1.273,1.2817,1.1256,1.2064,1.233,1.1256,1.1508,1.1049,0.8714,1.0905,1.0609,0.8714,0.9784,1.0124,0.8714,0.9318,0.9588,0.8714,0.874,0.9085,0.683,0.8169,0.8501,0.683,0.7832,0.7789,0.683,0.746,0.7318,0.683,0.6604,0.6842,0.4857,0.6263,0.6377,0.4857,0.5595,0.553,0.4857,0.5049,0.5395,0.4857,0.4119,0.4261,0.3362,0.384,0.3794,0.3362,0.3476,0.3181,0.3362
2025-03-18,0.3442,0.3452,0.3362,0.3297,0.3111,0.2764,0.2855,0.2914,0.2764,0.2547,0.2753,0.2764,0.2286,0.2419,0.2764,0.2388,0.2523,0.2465,0.2541,0.2347,0.2465,0.2117,0.2083,0.2465,0.2185,0.1891,0.2465,0.2242,0.1961,0.3063,0.2402,0.2172,0.3063,0.2274,0.1927,0.3063,0.2515,0.2069,0.3063,0.2831,0.2252,0.4259,0.2747,0.2104,0.4259,0.3089,0.2286,0.4259,0.3067,0.2646,0.4259,0.3382,0.3029,0.5754,0.3609,0.3037,0.5754,0.3755,0.3412,0.5754,0.4084,0.3372,0.5754,0.4993,0.4131,0.8146,0.5002,0.4602,0.8146,0.5778,0.4972,0.8146,0.6688,0.5367,0.8146,0.7722,0.6054,1.0239,0.8391,0.6123,1.0239,0.857,0.6544,1.0239,0.9317,0.7652,1.0239,1.0567,0.8454,0.8146,1.0577,0.9446,0.8146,1.0525,0.9478,0.8146,1.0078,0.9286,0.8146,0.9133,0.9135,0.3063,0.7663,0.8764,0.3063,0.6211,0.759,0.3063,0.4907,0.6265,0.3063,0.3364,0.6834,-0.232,0.1282,0.6135,-0.232,-0.032,0.5061,-0.232,-0.2065,0.477,-0.232,-0.2935,0.3142,-0.531,-0.4067,0.2227,-0.531,-0.5377,-0.0148,-0.531,-0.608,-0.0425,-0.531,-0.6702,-0.1676,-0.9496,-0.7096,-0.2796,-0.9496,-0.7258,-0.4459,-0.9496,-0.8114,-0.2607,-0.9496,-0.9873,-0.4768,-0.9496,-1.148,-0.5238,-0.9496,-1.219,-0.6232,-0.9496,-1.2317,-0.6082,-0.9496,-1.2138,-0.6505,-0.6207,-1.1691,-0.6816,-0.6207,-1.1112,-0.6525,-0.6207,-1.0566,-0.4463,-0.6207,-1.0151,-0.4829,-0.2918,-0.9913,-0.6542,-0.2918,-0.9601,-0.5217,-0.2918,-0.8894,-0.6119,-0.2918,-0.8204,-0.5581,0.1269,-0.7133,-0.6005,0.1269,-0.5922,-0.5037,0.1269,-0.5006,-0.2466,0.1269,-0.3728,-0.2288,0.6651,-0.3044,-0.0952,0.6651,-0.1713,0.073,0.6651,-0.0261,0.1767,0.6651,0.0545,0.276,1.1734,0.2398,0.3989,1.1734,0.4336,0.4801,1.1734,0.6394,0.5609,1.1734,0.7943,0.6869,1.2033,0.9366,0.8851,1.2033,1.0591,0.9787,1.2033,1.1111,1.0396,1.2033,1.1812,1.0904,1.0239,1.1409,1.1362,1.0239,1.1014,1.0447,1.0239,1.0635,1.0098,1.0239,0.9946,0.9727,0.8146,0.9503,0.9085,0.8146,0.8618,0.8274,0.8146,0.8349,0.7495,0.8146,0.779,0.6962,0.6352,0.7485,0.6471,0.6352,0.6768,0.6024,0.6352,0.6438,0.5633,0.6352,0.6099,0.5099,0.4259,0.5506,0.4474,0.4259,0.5086,0.4096,0.4259,0.4726,0.3444,0.4259,0.4628,0.2968,0.1867,0.3533,0.211,0.1867,0.3536,0.1829,0.1867
2025-03-19,0.3059,0.2406,0.1867,0.2553,0.2237,0.1269,0.2471,0.1663,0.1269,0.2007,0.1122,0.1269,0.1971,0.1295,0.1269,0.183,0.1391,0.1568,0.1712,0.1115,0.1568,0.1886,0.0941,0.1568,0.1703,0.0816,0.1568,0.1759,0.1067,0.2465,0.1846,0.1412,0.2465,0.1538,0.1309,0.2465,0.1738,0.1383,0.2465,0.1871,0.1564,0.3063,0.1937,0.1382,0.3063,0.2102,0.1497,0.3063,0.1944,0.1803,0.3063,0.274,0.2465,0.396,0.2651,0.2165,0.396,0.3059,0.2317,0.396,0.3571,0.2757,0.396,0.4069,0.3693,0.4857,0.4202,0.3962,0.4857,0.4288,0.4418,0.4857,0.4601,0.4954,0.4857,0.4799,0.5789,0.5156,0.4739,0.6573,0.5156,0.4475,0.6832,0.5156,0.453,0.7395,0.5156,0.4739,0.8725,0.1568,0.4422,0.9359,0.1568,0.3777,0.9849,0.1568,0.2911,1.0043,0.1568,0.168,0.9528,-0.2619,0.0634,0.9123,-0.2619,-0.0894,0.8533,-0.2619,-0.1639,0.8429,-0.2619,-0.2618,0.8183,-0.7702,-0.4431,0.6672,-0.7702,-0.5774,0.4254,-0.7702,-0.6852,0.3435,-0.7702,-0.8229,0.261,-1.0991,-0.9183,0.1821,-1.0991,-1.031,-0.0058,-1.0991,-1.1733,-0.1834,-1.0991,-1.2348,-0.2265,-1.3383,-1.2882,-0.3553,-1.3383,-1.3147,-0.4395,-1.3383,-1.3633,-0.4733,-1.3383,-1.4297,-0.6312,-1.3981,-1.5031,-0.7982,-1.3981,-1.5898,-0.8358,-1.3981,-1.6109,-0.7816,-1.3981,-1.6466,-0.6532,-1.2785,-1.6489,-0.7159,-1.2785,-1.6114,-0.6308,-1.2785,-1.5617,-0.5963,-1.2785,-1.5096,-0.6598,-0.9197,-1.5303,-0.5058,-0.9197,-1.4543,-0.608,-0.9197,-1.4292,-0.6905,-0.9197,-1.3434,-0.4722,-0.4114,-1.2455,-0.4828,-0.4114,-1.1032,-0.3716,-0.4114,-0.9975,-0.2265,-0.4114,-0.8967,-0.1795,0.2465,-0.7678,-0.2008,0.2465,-0.6415,-0.1093,0.2465,-0.4488,-0.0601,0.2465,-0.2367,0.1732,0.8146,-0.0266,0.3078,0.8146,0.1688,0.4724,0.8146,0.4274,0.5797,0.8146,0.6109,0.683,0.9043,0.7336,0.9045,0.9043,0.8638,1.045,0.9043,0.9385,1.0625,0.9043,1.0003,1.0936,0.7548,1.015,1.1199,0.7548,0.9936,1.0329,0.7548,0.9279,0.9901,0.7548,0.8865,0.9434,0.5455,0.825,0.8795,0.5455,0.756,0.8171,0.5455,0.7129,0.7601,0.5455,0.6281,0.6747,0.3661,0.5881,0.6408,0.3661,0.5438,0.5762,0.3661,0.4856,0.5282,0.3661,0.4459,0.4889,0.2166,0.3966,0.4295,0.2166,0.3597,0.4056,0.2166,0.2943,0.3571,0.2166,0.2623,0.2548,0.1867,0.1875,0.221,0.1867,0.1674,0.146,0.1867
2025-03-20,0.1229,0.1656,0.1867,0.1235,0.145,0.1269,0.0993,0.0934,0.1269,0.0538,0.0792,0.1269,0.0399,0.0365,0.1269,0.0368,0.0126,0.1568,0.0249,0.0033,0.1568,0.0252,0.0079,0.1568,0.0225,-0.0148,0.1568,0.0318,0.0022,0.2166,0.0426,-0.0084,0.2166,0.041,-0.007,0.2166,0.0412,-0.0023,0.2166,0.074,0.0405,0.3362,0.0799,0.0457,0.3362,0.0805,0.0503,0.3362,0.1005,0.07,0.3362,0.1265,0.1077,0.4857,0.1458,0.1031,0.4857,0.1767,0.1391,0.4857,0.2142,0.1961,0.4857,0.2676,0.2212,0.7249,0.3161,0.2698,0.7249,0.3705,0.3299,0.7249,0.4625,0.3929,0.7249,0.5741,0.4819,0.9043,0.6655,0.5525,0.9043,0.6983,0.5891,0.9043,0.7452,0.6183,0.9043,0.8603,0.7666,0.5754,0.852,0.7934,0.5754,0.8236,0.8276,0.5754,0.7639,0.8231,0.5754,0.7177,0.814,-0.0226,0.5608,0.8147,-0.0226,0.4021,0.6665,-0.0226,0.3045,0.6573,-0.0226,0.1595,0.7091,-0.5011,-0.0147,0.6158,-0.5011,-0.1906,0.4555,-0.5011,-0.3422,0.3937,-0.5011,-0.4363,0.2928,-0.8599,-0.5576,0.1983,-0.8599,-0.6472,-0.0708,-0.8599,-0.7524,-0.1007,-0.8599,-0.7985,-0.1511,-1.129,-0.8366,-0.3214,-1.129,-0.8512,-0.4244,-1.129,-0.8956,-0.3698,-1.129,-1.052,-0.5208,-1.1888,-1.2063,-0.7946,-1.1888,-1.3265,-0.8309,-1.1888,-1.3228,-0.8744,-1.1888,-1.271,-0.8455,-0.9795,-1.2442,-0.8196,-0.9795,-1.1691,-0.7833,-0.9795,-1.1388,-0.6402,-0.9795,-0.995,-0.4876,-0.6506,-0.8123,-0.6548,-0.6506,-0.7804,-0.6858,-0.6506,-0.6431,-0.749,-0.6506,-0.5822,-0.6744,-0.232,-0.4408,-0.6147,-0.232,-0.4149,-0.5322,-0.232,-0.2145,-0.2597,-0.232,-0.2113,-0.1834,0.3661,-0.2244,-0.1512,0.3661,0.0118,-0.0942,0.3661,0.0894,-0.0315,0.3661,0.2099,0.1549,0.8744,0.3272,0.2938,0.8744,0.4166,0.4285,0.8744,0.5688,0.4837,0.8744,0.693,0.624,0.994,0.8427,0.8913,0.994,0.9703,0.9976,0.994,1.0285,1.0427,0.994,1.0383,1.021,0.7847,0.9996,0.989,0.7847,0.9388,0.9289,0.7847,0.9013,0.933,0.7847,0.8364,0.9188,0.6053,0.7955,0.8748,0.6053,0.746,0.787,0.6053,0.6626,0.7035,0.6053,0.5863,0.6245,0.4259,0.5233,0.5827,0.4259,0.5249,0.5145,0.4259,0.4565,0.4517,0.4259,0.4119,0.4008,0.2465,0.3419,0.3507,0.2465,0.3157,0.3243,0.2465,0.2467,0.2893,0.2465,0.1776,0.2118,0.0671,0.1394,0.1625,0.0671,0.0719,0.129,0.0671
2025-03-21,0.0468,0.0515,0.0671,0.0252,0.0443,0.0073,-0.0271,-0.0023,0.0073,-0.0252,-0.0683,0.0073,-0.0795,-0.0671,0.0073,-0.0895,-0.1049,0.0372,-0.103,-0.1193,0.0372,-0.1255,-0.1278,0.0372,-0.1106,-0.1337,0.0372,-0.1143,-0.1225,0.0671,-0.1327,-0.1253,0.0671,-0.1469,-0.128,0.0671,-0.139,-0.1338,0.0671,-0.1264,-0.1278,0.1568,-0.1278,-0.1179,0.1568,-0.1018,-0.1024,0.1568,-0.0724,-0.1159,0.1568,-0.0658,-0.0871,0.3362,-0.0588,-0.0676,0.3362,-0.0118,-0.0442,0.3362,0.0191,-0.0062,0.3362,0.112,0.0365,0.6651,0.1478,0.0871,0.6651,0.1888,0.1375,0.6651,0.2362,0.1947,0.6651,0.3894,0.2837,0.8445,0.4468,0.3119,0.8445,0.4577,0.3403,0.8445,0.5308,0.4088,0.8445,0.6186,0.5779,0.6352,0.6699,0.5968,0.6352,0.7229,0.6533,0.6352,0.7813,0.7166,0.6352,0.8255,0.7352,0.2166,0.7779,0.7294,0.2166,0.7104,0.6445,0.2166,0.7078,0.6561,0.2166,0.7774,0.6727,-0.2619,0.8447,0.5881,-0.2619,0.7384,0.4389,-0.2619,0.6341,0.2663,-0.2619,0.426,0.1815,-0.5609,0.1458,0.1942,-0.5609,0.013,0.0206,-0.5609,-0.1263,-0.082,-0.5609,-0.2164,-0.0532,-0.7702,-0.3562,-0.0554,-0.7702,-0.4144,-0.2058,-0.7702,-0.4575,-0.3711,-0.7702,-0.4666,-0.4791,-0.8001,-0.4727,-0.7111,-0.8001,-0.5662,-0.8451,-0.8001,-0.7814,-0.8683,-0.8001,-0.5721,-0.7456,-0.6207,-0.5761,-0.583,-0.6207,-0.5839,-0.4561,-0.6207,-0.5467,-0.4733,-0.6207,-0.414,-0.5515,-0.2619,-0.4479,-0.3738,-0.2619,-0.6045,-0.467,-0.2619,-0.5778,-0.3389,-0.2619,-0.1772,-0.2567,0.097,-0.0828,-0.2401,0.097,-0.1152,-0.1131,0.097,0.0334,-0.0157,0.097,0.1047,0.0778,0.5455,0.2431,0.1099,0.5455,0.2842,0.0804,0.5455,0.3928,0.1447,0.5455,0.4717,0.1482,0.9043,0.5206,0.309,0.9043,0.6236,0.4527,0.9043,0.7456,0.5398,0.9043,0.8361,0.6177,0.9641,0.9177,0.8201,0.9641,0.9892,0.8946,0.9641,1.0476,0.9215,0.9641,1.0552,0.9873,0.7249,1.0387,0.9692,0.7249,0.9692,0.926,0.7249,0.9215,0.9232,0.7249,0.8662,0.8902,0.4857,0.7977,0.8202,0.4857,0.7237,0.7542,0.4857,0.7015,0.6703,0.4857,0.6014,0.5668,0.3063,0.5574,0.5348,0.3063,0.5048,0.4473,0.3063,0.4735,0.3973,0.3063,0.4175,0.3481,0.1867,0.3813,0.3084,0.1867,0.3334,0.2986,0.1867,0.3091,0.2534,0.1867,0.1964,0.1914,-0.0226,0.1546,0.1257,-0.0226,0.1299,0.0998,-0.0226
2025-03-22,0.068,0.0151,-0.0226,0.0456,-0.0134,-0.1123,0.0182,-0.0469,-0.1123,-0.0159,-0.1025,-0.1123,-0.0477,-0.1083,-0.1123,-0.0598,-0.1503,-0.1422,-0.0994,-0.1523,-0.1422,-0.127,-0.1972,-0.1422,-0.1427,-0.1911,-0.1422,-0.1401,-0.184,-0.1123,-0.1611,-0.1783,-0.1123,-0.1593,-0.2112,-0.1123,-0.1537,-0.1831,-0.1123,-0.1447,-0.1711,-0.0226,-0.153,-0.1639,-0.0226,-0.1485,-0.1593,-0.0226,-0.136,-0.1488,-0.0226,-0.131,-0.1402,0.1867,-0.1138,-0.0801,0.1867,-0.1025,-0.0569,0.1867,-0.0486,-0.0321,0.1867,-0.0249,0.0184,0.1568,0.0012,0.0586,0.1568,0.0388,0.1172,0.1568,0.0723,0.1606,0.1568,0.1231,0.2522,0.2764,0.1055,0.2493,0.2764,0.0955,0.2094,0.2764,0.0466,0.1776,0.2764,0.0972,0.2586,0.097,0.0178,0.2194,0.097,-0.1461,0.2621,0.097,-0.0952,0.286,0.097,0.009,0.3239,-0.232,0.1084,0.3316,-0.232,-0.0106,0.3507,-0.232,-0.2251,0.2955,-0.232,-0.2775,0.3405,-0.6805,-0.4917,0.2335,-0.6805,-0.6943,0.0796,-0.6805,-0.7357,0.081,-0.6805,-0.8262,-0.0419,-0.9197,-0.9533,-0.1039,-0.9197,-1.0464,-0.4189,-0.9197,-1.133,-0.5139,-0.9197,-1.1891,-0.5454,-1.0094,-1.2554,-0.5585,-1.0094,-1.3004,-0.6606,-1.0094,-1.3152,-0.5509,-1.0094,-1.4132,-0.8133,-0.9795,-1.4592,-0.9367,-0.9795,-1.5482,-0.9916,-0.9795,-1.4883,-0.9365,-0.9795,-1.4557,-0.9501,-0.83,-1.2929,-0.8636,-0.83,-1.2038,-0.7189,-0.83,-1.4381,-0.7546,-0.83,-1.2483,-0.6549,-0.5011,-1.3075,-0.566,-0.5011,-0.8075,-0.6417,-0.5011,-0.8829,-0.6606,-0.5011,-1.0022,-0.6828,-0.0824,-1.1786,-0.6775,-0.0824,-0.9776,-0.5176,-0.0824,-0.9516,-0.4481,-0.0824,-0.8139,-0.3162,0.396,-0.6111,-0.2669,0.396,-0.4473,-0.1802,0.396,-0.2678,-0.0824,0.396,-0.1928,-0.0404,0.7847,0.0757,0.0422,0.7847,0.1927,0.1825,0.7847,0.4054,0.3074,0.7847,0.532,0.4861,0.8146,0.6633,0.6347,0.8146,0.764,0.7704,0.8146,0.7814,0.8157,0.8146,0.8237,0.853,0.6352,0.841,0.8428,0.6352,0.7938,0.8112,0.6352,0.7244,0.769,0.6352,0.6459,0.7303,0.4259,0.5942,0.7155,0.4259,0.5124,0.6517,0.4259,0.5025,0.5997,0.4259,0.4049,0.5233,0.2465,0.3951,0.4817,0.2465,0.3426,0.4092,0.2465,0.2919,0.3902,0.2465,0.2643,0.3573,0.0671,0.2326,0.3046,0.0671,0.2065,0.282,0.0671,0.1678,0.2447,0.0671,0.112,0.1493,-0.0525,0.0587,0.1082,-0.0525,0.0389,0.0478,-0.0525
2025-03-23,0.0096,0.01,-0.0525,-0.0273,-0.0169,-0.1123,-0.0917,-0.0588,-0.1123,-0.1294,-0.1183,-0.1123,-0.1624,-0.1104,-0.1123,-0.1858,-0.1597,-0.1422,-0.2255,-0.161,-0.1422,-0.259,-0.1596,-0.1422,-0.2434,-0.1777,-0.1422,-0.2364,-0.15,-0.0824,-0.2517,-0.1574,-0.0824,-0.2794,-0.1532,-0.0824,-0.2638,-0.1517,-0.0824,-0.2537,-0.1254,-0.0226,-0.2709,-0.1385,-0.0226,-0.2698,-0.1156,-0.0226,-0.2323,-0.1298,-0.0226,-0.2023,-0.0977,0.0073,-0.1794,-0.0776,0.0073,-0.1229,-0.0474,0.0073,-0.1319,-0.0201,0.0073,-0.0609,-0.0039,0.0073,-0.0561,0.0419,0.0073,-0.0516,0.0607,0.0073,-0.0326,0.092,0.0073,0.0146,0.0955,0.0073,-0.0164,0.0962,0.0073,-0.0786,0.0856,0.0073,-0.1473,0.0588,0.0073,-0.1342,0.1201,-0.0525,-0.2181,0.1426,-0.0525,-0.379,0.1938,-0.0525,-0.4103,0.1515,-0.0525,-0.4586,0.174,-0.3516,-0.5102,0.1483,-0.3516,-0.5745,0.1986,-0.3516,-0.6543,0.2718,-0.3516,-0.7166,0.2333,-0.7702,-0.6353,0.1852,-0.7702,-0.6008,0.1177,-0.7702,-0.6503,-0.0272,-0.7702,-0.9027,-0.1613,-1.0991,-1.0949,-0.165,-1.0991,-1.3133,-0.3772,-1.0991,-1.3225,-0.4954,-1.0991,-1.1719,-0.5775,-1.1888,-1.2386,-0.5323,-1.1888,-1.4359,-0.6406,-1.1888,-1.2526,-0.6347,-1.1888,-1.0814,-0.7671,-1.0393,-0.9097,-0.9834,-1.0393,-0.8161,-1.0631,-1.0393,-1.0057,-1.1293,-1.0393,-1.2471,-1.1026,-0.5609,-1.1432,-1.032,-0.5609,-1.1669,-0.9485,-0.5609,-1.2869,-0.9625,-0.5609,-1.1015,-0.8659,-0.3516,-1.1581,-0.7379,-0.3516,-1.0691,-0.6094,-0.3516,-1.0949,-0.5295,-0.3516,-0.7938,-0.5047,-0.0525,-0.6111,-0.5313,-0.0525,-0.5917,-0.4777,-0.0525,-0.3484,-0.3424,-0.0525,-0.2577,-0.3063,0.3661,-0.2102,-0.1928,0.3661,-0.1505,-0.118,0.3661,-0.0471,-0.0067,0.3661,0.0095,0.0578,0.7249,0.092,0.1539,0.7249,0.1784,0.3467,0.7249,0.2968,0.4602,0.7249,0.4149,0.5998,0.7548,0.5335,0.7056,0.7548,0.5935,0.7483,0.7548,0.6908,0.8343,0.7548,0.7032,0.8596,0.5754,0.6877,0.8381,0.5754,0.6432,0.7753,0.5754,0.57,0.746,0.5754,0.5284,0.6989,0.396,0.4867,0.6821,0.396,0.4566,0.6302,0.396,0.3911,0.5782,0.396,0.328,0.5174,0.2166,0.3053,0.4414,0.2166,0.2893,0.4218,0.2166,0.2221,0.3781,0.2166,0.1758,0.3112,0.0372,0.1224,0.2457,0.0372,0.0626,0.2287,0.0372,0.0184,0.1813,0.0372,-0.0339,0.0824,-0.0824,-0.0966,0.0291,-0.0824,-0.1314,-0.0125,-0.0824
2025-03-24,-0.1689,-0.0644,-0.0824,-0.1797,-0.0811,-0.1422,-0.2379,-0.1363,-0.1422,-0.2278,-0.1661,-0.1422,-0.267,-0.1635,-0.1422,-0.2881,-0.1974,-0.1123,-0.2927,-0.2245,-0.1123,-0.3117,-0.2052,-0.1123,-0.2948,-0.2121,-0.1123,-0.2625,-0.2074,-0.0525,-0.2441,-0.2173,-0.0525,-0.2421,-0.1959,-0.0525,-0.1853,-0.1664,-0.0525,-0.1617,-0.139,0.1568,-0.1602,-0.1514,0.1568,-0.1532,-0.1556,0.1568,-0.1441,-0.1375,0.1568,-0.112,-0.0901,0.3661,-0.0553,-0.0891,0.3661,-0.047,-0.0558,0.3661,-0.0054,-0.0363,0.3661,0.0822,0.0356,0.6352,0.102,0.0758,0.6352,0.1635,0.1412,0.6352,0.2349,0.1684,0.6352,0.342,0.2814,0.7847,0.3828,0.3152,0.7847,0.4501,0.3116,0.7847,0.4919,0.3506,0.7847,0.5901,0.5277,0.695,0.5618,0.5336,0.695,0.5008,0.5393,0.695,0.4538,0.56,0.695,0.3463,0.5705,0.2166,0.2759,0.5695,0.2166,0.1447,0.5043,0.2166,-0.0077,0.4063,0.2166,-0.1311,0.4135,-0.3516,-0.3075,0.2363,-0.3516,-0.4536,0.0625,-0.3516,-0.603,-0.121,-0.3516,-0.7064,-0.2595,-0.6207,-0.8601,-0.3632,-0.6207,-0.9329,-0.6205,-0.6207,-1.0364,-0.7463,-0.6207,-1.0916,-0.5982,-0.8001,-1.1071,-0.5805,-0.8001,-1.1237,-0.7403,-0.8001,-1.1753,-0.8676,-0.8001,-1.3285,-1.0497,-0.7702,-1.5026,-1.2073,-0.7702,-1.5751,-1.189,-0.7702,-1.622,-1.1736,-0.7702,-1.5822,-1.2002,-0.5609,-1.5618,-1.1508,-0.5609,-1.482,-1.0254,-0.5609,-1.4518,-1.1603,-0.5609,-1.2889,-1.1058,-0.2619,-1.2143,-0.957,-0.2619,-0.9817,-0.8621,-0.2619,-0.9529,-0.7952,-0.2619,-1.0736,-0.6826,0.1867,-1.1234,-0.6799,0.1867,-0.9523,-0.6342,0.1867,-0.8563,-0.4835,0.1867,-0.713,-0.364,0.695,-0.61,-0.2997,0.695,-0.4903,-0.2515,0.695,-0.3487,-0.2282,0.695,-0.1795,-0.1604,1.0538,0.0335,-0.0999,1.0538,0.2002,0.0704,1.0538,0.3679,0.1968,1.0538,0.512,0.4128,1.0837,0.6602,0.5755,1.0837,0.7746,0.6576,1.0837,0.8231,0.7745,1.0837,0.8705,0.86,0.8146,0.8715,0.846,0.8146,0.8191,0.8091,0.8146,0.7494,0.7355,0.8146,0.678,0.6311,0.5754,0.6395,0.6181,0.5754,0.5743,0.6089,0.5754,0.4987,0.5367,0.5754,0.4092,0.4707,0.3661,0.3285,0.4203,0.3661,0.3199,0.3677,0.3661,0.2749,0.2989,0.3661,0.2111,0.2513,0.1269,0.17,0.2086,0.1269,0.1041,0.1526,0.1269,0.0816,0.1075,0.1269,0.0036,-0.0063,-0.0077,-0.049,-0.0246,-0.0077,-0.066,-0.0665,-0.0077
2025-03-25,-0.0971,-0.114,-0.0077,-0.1501,-0.113,-0.0914,-0.1743,-0.1643,-0.0914,-0.2072,-0.2056,-0.0914,-0.2301,-0.2276,-0.0914,-0.2272,-0.2551,-0.1183,-0.2652,-0.2575,-0.1183,-0.2574,-0.2785,-0.1183,-0.2507,-0.2747,-0.1183,-0.2574,-0.2824,-0.0914,-0.2533,-0.2655,-0.0914,-0.2298,-0.2955,-0.0914,-0.211,-0.2895,-0.0914,-0.223,-0.2663,-0.0107,-0.1841,-0.2733,-0.0107,-0.1879,-0.2443,-0.0107,-0.1766,-0.2215,-0.0107,-0.128,-0.1834,0.1926,-0.1181,-0.1861,0.1926,-0.0883,-0.1512,0.1926,-0.0331,-0.1305,0.1926,0.007,-0.0745,0.4827,0.0582,-0.0417,0.4827,0.1405,0.0125,0.4827,0.2405,0.0482,0.4827,0.32,0.1274,0.7279,0.3672,0.2138,0.7279,0.4252,0.2642,0.7279,0.4063,0.3437,0.7279,0.4576,0.514,0.5844,0.5077,0.5602,0.5844,0.4829,0.5756,0.5844,0.5154,0.6637,0.5844,0.3641,0.6018,0.0192,0.2149,0.5672,0.0192,0.0743,0.4758,0.0192,-0.0799,0.3921,0.0192,-0.2316,0.342,-0.525,-0.3739,0.196,-0.525,-0.5011,0.1032,-0.525,-0.6697,-0.0692,-0.525,-0.7796,-0.2126,-0.7821,-0.8697,-0.3535,-0.7821,-0.9783,-0.6266,-0.7821,-1.0573,-0.6453,-0.7821,-1.1406,-0.6862,-1.0453,-1.2033,-0.7157,-1.0453,-1.1989,-0.91,-1.0453,-1.2515,-0.9666,-1.0453,-1.4146,-1.2224,-1.0303,-1.5754,-1.3843,-1.0303,-1.6742,-1.4787,-1.0303,-1.7305,-1.4106,-1.0303,-1.5965,-1.4131,-0.7702,-1.5741,-1.4143,-0.7702,-1.4233,-1.3071,-0.7702,-1.1697,-1.4997,-0.7702,-0.9651,-1.4078,-0.4173,-0.6106,-1.3037,-0.4173,-0.5966,-1.1882,-0.4173,-0.6953,-1.068,-0.4173,-0.7383,-1.0877,-0.0406,-0.8716,-0.9835,-0.0406,-0.7931,-0.9324,-0.0406,-0.5856,-0.7108,-0.0406,-0.3439,-0.6149,0.4618,-0.0645,-0.5411,0.4618,0.0999,-0.4737,0.4618,0.167,-0.3286,0.4618,0.0098,-0.299,0.9671,0.0594,-0.1625,0.9671,0.2178,0.0667,0.9671,0.3448,0.1984,0.9671,0.4975,0.3112,1.0598,0.64,0.4879,1.0598,0.7184,0.6734,1.0598,0.7995,0.7593,1.0598,0.8334,0.8107,0.8714,0.8217,0.7771,0.8714,0.7684,0.7562,0.8714,0.7113,0.7088,0.8714,0.6904,0.5934,0.6472,0.6208,0.5873,0.6472,0.5727,0.5113,0.6472,0.5146,0.4903,0.6472,0.4437,0.4305,0.4528,0.3763,0.3941,0.4528,0.3078,0.3164,0.4528,0.2434,0.2525,0.4528,0.2045,0.2133,0.2554,0.1659,0.1706,0.2554,0.0949,0.0641,0.2554,0.0726,0.0408,0.2554,0.016,-0.0614,0.1,-0.0367,-0.0761,0.1,-0.0592,-0.1209,0.1
2025-03-26,-0.0905,-0.1263,0.1,-0.101,-0.1656,0.0461,-0.1289,-0.2025,0.0461,-0.1835,-0.2446,0.0461,-0.2064,-0.258,0.0461,-0.2064,-0.2904,0.0581,-0.2294,-0.3126,0.0581,-0.2473,-0.2906,0.0581,-0.2448,-0.3028,0.0581,-0.2443,-0.3121,0.1029,-0.2429,-0.2939,0.1029,-0.2285,-0.3094,0.1029,-0.2245,-0.3093,0.1029,-0.2118,-0.2974,0.1867,-0.2163,-0.2883,0.1867,-0.1833,-0.2786,0.1867,-0.1888,-0.247,0.1867,-0.1216,-0.2297,0.378,-0.1118,-0.2004,0.378,-0.0926,-0.1705,0.378,-0.0722,-0.1549,0.378,0.028,-0.1159,0.701,0.0608,-0.079,0.701,0.0921,-0.0007,0.701,0.2073,0.0467,0.701,0.3084,0.1218,0.8565,0.3461,0.1844,0.8565,0.3546,0.2125,0.8565,0.4062,0.2961,0.8565,0.4605,0.3972,0.5246,0.4294,0.4344,0.5246,0.4475,0.4315,0.5246,0.3934,0.4922,0.5246,0.3622,0.4906,-0.0795,0.2811,0.5118,-0.0795,0.2256,0.44,-0.0795,0.2957,0.3416,-0.0795,-0.0138,0.3662,-0.5908,-0.2659,0.247,-0.5908,-0.2755,0.2045,-0.5908,-0.521,0.0006,-0.5908,-0.8537,-0.1756,-0.8419,-0.7609,-0.3192,-0.8419,-0.7083,-0.5372,-0.8419,-0.7453,-0.7281,-0.8419,-0.6686,-0.761,-1.2307,-0.2231,-0.6527,-1.2307,0.1023,-0.6702,-1.2307,0.2261,-0.9344,-1.2307,0.1069,-1.0806,-1.2067,-0.1991,-1.2865,-1.2067,-0.409,-1.2742,-1.2067,-0.4791,-1.2302,-1.2067,-0.4397,-1.2033,-0.8031,-0.4789,-1.2108,-0.8031,-0.6454,-1.1095,-0.8031,-0.7227,-1.2696,-0.8031,-0.5576,-1.0965,-0.4024,-0.45,-1.0431,-0.4024,-0.396,-1.0383,-0.4024,-0.5306,-0.9118,-0.4024,-0.652,-0.8382,-0.0675,-0.6312,-0.7686,-0.0675,-0.376,-0.6057,-0.0675,-0.3443,-0.4506,-0.0675,-0.3204,-0.2553,0.405,-0.2546,-0.2206,0.405,-0.2223,-0.1898,0.405,-0.1476,-0.1723,0.405,-0.0894,-0.1337,0.9163,0.0482,-0.0616,0.9163,0.2293,0.1284,0.9163,0.4681,0.2503,0.9163,0.6567,0.4629,1.006,0.7893,0.5636,1.006,0.9093,0.6343,1.006,0.9243,0.6952,1.006,0.9369,0.6883,0.7907,0.9563,0.6568,0.7907,0.9116,0.6752,0.7907,0.8618,0.6227,0.7907,0.8165,0.5397,0.5515,0.7465,0.5446,0.5515,0.6913,0.4662,0.5515,0.6247,0.4357,0.5515,0.5735,0.3942,0.3541,0.4998,0.3202,0.3541,0.4648,0.3131,0.3541,0.4095,0.2401,0.3541,0.3416,0.1941,0.1299,0.2975,0.1505,0.1299,0.2435,0.0836,0.1299,0.1851,0.0346,0.1299,0.1206,-0.066,-0.1751,0.0621,-0.0834,-0.1751,0.0127,-0.1417,-0.1751
2025-03-27,-0.0152,-0.1329,-0.1751,-0.0308,-0.13,-0.2349,-0.0628,-0.1659,-0.2349,-0.1059,-0.2109,-0.2349,-0.1297,-0.2267,-0.2349,-0.1474,-0.2486,-0.223,-0.1741,-0.2782,-0.223,-0.1574,-0.266,-0.223,-0.1546,-0.2609,-0.223,-0.1684,-0.2627,-0.1781,-0.1586,-0.2603,-0.1781,-0.131,-0.2573,-0.1781,-0.1111,-0.2345,-0.1781,-0.0816,-0.2006,-0.0765,-0.0992,-0.2034,-0.0765,-0.0756,-0.1979,-0.0765,-0.0712,-0.1826,-0.0765,-0.0532,-0.1311,0.1328,-0.0206,-0.1368,0.1328,-0.0112,-0.1044,0.1328,0.0453,-0.078,0.1328,0.0917,-0.0186,0.405,0.1387,-0.0177,0.405,0.198,0.0863,0.405,0.2923,0.1093,0.405,0.3882,0.1833,0.5365,0.4133,0.2285,0.5365,0.4349,0.2492,0.5365,0.4468,0.3299,0.5365,0.5532,0.4692,0.1867,0.5484,0.4769,0.1867,0.5924,0.4861,0.1867,0.6337,0.5304,0.1867,0.5995,0.5115,-0.3964,0.4849,0.4046,-0.3964,0.3626,0.3052,-0.3964,0.0863,0.2873,-0.3964,-0.0518,0.1891,-0.8988,-0.221,0.0988,-0.8988,-0.4106,-0.0312,-0.8988,-0.5482,-0.2326,-0.8988,-0.6405,-0.3722,-1.1619,-0.7471,-0.4863,-1.1619,-0.9132,-0.6846,-1.1619,-1.0036,-0.8207,-1.1619,-1.0869,-0.8715,-1.5596,-1.1052,-0.8306,-1.5596,-1.0943,-0.8975,-1.5596,-1.161,-1.0414,-1.5596,-1.3396,-1.2967,-1.4848,-1.4644,-1.5234,-1.4848,-1.5863,-1.5854,-1.4848,-1.5955,-1.528,-1.4848,-1.5659,-1.5378,-0.9107,-1.5058,-1.5051,-0.9107,-1.4499,-1.5365,-0.9107,-1.4243,-1.5696,-0.9107,-1.3828,-1.5043,-0.8689,-1.3359,-1.3464,-0.8689,-1.2659,-1.3592,-0.8689,-1.2191,-1.2564,-0.8689,-1.1424,-1.1869,-0.2738,-1.0335,-1.1419,-0.2738,-0.8905,-0.9345,-0.2738,-0.797,-0.7707,-0.2738,-0.6804,-0.6591,0.1538,-0.5757,-0.6426,0.1538,-0.4475,-0.6202,0.1538,-0.2781,-0.4921,0.1538,-0.1643,-0.3192,0.7099,0.0372,-0.2021,0.7099,0.2159,-0.0531,0.7099,0.3856,0.0317,0.7099,0.5564,0.2258,0.8385,0.7656,0.4233,0.8385,0.8425,0.5765,0.8385,0.879,0.6651,0.8385,0.9257,0.6645,0.6292,0.9504,0.6506,0.6292,0.9002,0.6175,0.6292,0.865,0.5963,0.6292,0.8065,0.5205,0.3631,0.756,0.5248,0.3631,0.6937,0.462,0.3631,0.6395,0.416,0.3631,0.5913,0.3768,0.1598,0.5293,0.3368,0.1598,0.4718,0.287,0.1598,0.4339,0.2143,0.1598,0.3481,0.1706,-0.0286,0.3103,0.1022,-0.0286,0.2307,0.0561,-0.0286,0.1967,0.0176,-0.0286,0.1112,-0.0707,-0.0316,0.0859,-0.098,-0.0316,0.0256,-0.1473,-0.0316
2025-03-28,0.005,-0.0366,-0.0316,0.0004,-0.0597,-0.0705,-0.0463,-0.1107,-0.0705,-0.0807,-0.1297,-0.0705,-0.0997,-0.1559,-0.0705,-0.1237,-0.1508,-0.0585,-0.1234,-0.1918,-0.0585,-0.1126,-0.1839,-0.0585,-0.1638,-0.1827,-0.0585,-0.0951,-0.1884,-0.0107,-0.1179,-0.1769,-0.0107,-0.1167,-0.1384,-0.0107,-0.1139,-0.1209,-0.0107,-0.0795,-0.1196,0.1149,-0.0738,-0.1157,0.1149,-0.0763,-0.1014,0.1149,-0.0679,-0.1023,0.1149,-0.0484,-0.0577,0.3362,-0.0314,-0.0436,0.3362,-0.0215,-0.0131,0.3362,0.0192,0.0405,0.3362,0.0511,0.0752,0.5634,0.0816,0.0903,0.5634,0.1562,0.1812,0.5634,0.213,0.2,0.5634,0.3787,0.2825,0.6232,0.3782,0.2834,0.6232,0.4229,0.3332,0.6232,0.4326,0.3843,0.6232,0.5898,0.5445,0.3212,0.5577,0.5305,0.3212,0.5448,0.5724,0.3212,0.5196,0.6198,0.3212,0.5438,0.6176,-0.2529,0.3783,0.5774,-0.2529,0.1605,0.5057,-0.2529,-0.0353,0.512,-0.2529,-0.1949,0.3505,-0.7014,-0.3473,0.2778,-0.7014,-0.5011,0.1306,-0.7014,-0.6513,-0.0681,-0.7014,-0.7599,-0.1786,-0.9556,-0.8568,-0.2605,-0.9556,-0.9591,-0.4314,-0.9556,-1.0371,-0.5819,-0.9556,-1.1375,-0.578,-1.2037,-1.1552,-0.5719,-1.2037,-1.1621,-0.7157,-1.2037,-1.214,-0.9085,-1.2037,-1.3837,-1.1108,-1.135,-1.5097,-1.2717,-1.135,-1.6036,-1.3468,-1.135,-1.5928,-1.403,-1.135,-1.5674,-1.4072,-0.7492,-1.56,-1.3445,-0.7492,-1.4551,-1.2534,-0.7492,-1.406,-1.347,-0.7492,-1.3677,-1.2517,-0.5668,-1.3633,-1.1722,-0.5668,-1.278,-1.0044,-0.5668,-1.2472,-1.0102,-0.5668,-1.1969,-0.9832,-0.0675,-1.082,-0.945,-0.0675,-0.9603,-0.6618,-0.0675,-0.8578,-0.5575,-0.0675,-0.7522,-0.4203,0.3541,-0.6853,-0.3082,0.3541,-0.5458,-0.3486,0.3541,-0.4042,-0.2852,0.3541,-0.2762,-0.0286,0.9103,-0.0795,0.0605,0.9103,0.0812,0.1844,0.9103,0.2486,0.3036,0.9103,0.4597,0.4423,0.9641,0.6355,0.598,0.9641,0.7478,0.6864,0.9641,0.8595,0.7729,0.9641,0.9021,0.795,0.7847,0.9283,0.8107,0.7847,0.9337,0.7948,0.7847,0.8823,0.7227,0.7847,0.808,0.6901,0.5545,0.7241,0.6555,0.5545,0.6651,0.5853,0.5545,0.5662,0.548,0.5545,0.5013,0.5141,0.384,0.4513,0.439,0.384,0.4141,0.3801,0.384,0.3458,0.3334,0.384,0.3067,0.2935,0.1956,0.2452,0.2359,0.1956,0.2017,0.1961,0.1956,0.1782,0.1421,0.1956,0.1303,0.0705,0.085,0.071,0.022,0.085,0.0362,-0.034,0.085
2025-03-29,0.0128,0.004,0.085,-0.0451,-0.0029,-0.0226,-0.0686,-0.0617,-0.0226,-0.1101,-0.1098,-0.0226,-0.1774,-0.1222,-0.0226,-0.1668,-0.1454,-0.0466,-0.198,-0.1822,-0.0466,-0.2254,-0.1687,-0.0466,-0.2517,-0.1822,-0.0466,-0.285,-0.1867,-0.0226,-0.2612,-0.1825,-0.0226,-0.2752,-0.1932,-0.0226,-0.2574,-0.1618,-0.0226,-0.2396,-0.1564,0.0491,-0.2402,-0.1573,0.0491,-0.2249,-0.1401,0.0491,-0.2155,-0.1478,0.0491,-0.2322,-0.113,0.1747,-0.2052,-0.0946,0.1747,-0.166,-0.0702,0.1747,-0.1756,-0.0471,0.1747,-0.124,-0.015,0.2016,-0.1032,0.0383,0.2016,-0.0884,0.0862,0.2016,-0.0563,0.0997,0.2016,0.0033,0.1524,0.1299,-0.0134,0.1308,0.1299,-0.0526,0.0866,0.1299,-0.0383,0.1041,0.1299,0.0093,0.1692,0.1388,0.0418,0.2056,0.1388,0.1157,0.1847,0.1388,0.1701,0.2912,0.1388,0.2484,0.2998,-0.3037,0.2541,0.2762,-0.3037,0.2427,0.2705,-0.3037,0.2904,0.3033,-0.3037,0.2765,0.3405,-0.7463,0.1648,0.2924,-0.7463,0.0586,0.1026,-0.7463,-0.0166,-0.0793,-0.7463,-0.0335,-0.1676,-1.0094,-0.1981,-0.3466,-1.0094,-0.3953,-0.6463,-1.0094,-0.2981,-0.6572,-1.0094,-0.2762,-0.6738,-1.1439,-0.435,-0.6583,-1.1439,-0.4225,-0.5539,-1.1439,-0.4312,-0.6311,-1.1439,-0.4577,-0.7804,-1.12,-0.7748,-0.8685,-1.12,-1.1913,-0.8823,-1.12,-1.4845,-1.0283,-1.12,-1.4813,-1.1359,-0.8988,-1.3858,-1.0856,-0.8988,-1.2488,-1.0369,-0.8988,-1.0326,-0.9722,-0.8988,-1.0934,-0.9695,-0.7672,-1.3502,-0.8906,-0.7672,-1.2043,-0.8604,-0.7672,-1.1814,-0.7331,-0.7672,-1.1552,-0.7075,-0.2918,-1.0632,-0.6589,-0.2918,-0.9965,-0.5356,-0.2918,-0.7442,-0.5715,-0.2918,-0.3875,-0.4743,0.3003,-0.1434,-0.4786,0.3003,-0.1406,-0.3827,0.3003,-0.096,-0.2624,0.3003,0.0225,-0.2717,0.7937,0.036,-0.247,0.7937,0.167,-0.0234,0.7937,0.3264,-0.0885,0.7937,0.4787,0.1505,0.8684,0.5635,0.307,0.8684,0.6812,0.447,0.8684,0.7535,0.6154,0.8684,0.7907,0.6474,0.7099,0.8311,0.694,0.7099,0.7671,0.6656,0.7099,0.7285,0.7031,0.7099,0.6444,0.5883,0.5036,0.6162,0.5678,0.5036,0.557,0.4893,0.5036,0.5083,0.4858,0.5036,0.4349,0.456,0.3481,0.3982,0.42,0.3481,0.3511,0.3682,0.3481,0.3543,0.3404,0.3481,0.279,0.3023,0.1837,0.2246,0.2673,0.1837,0.2072,0.2444,0.1837,0.1385,0.1935,0.1837,0.0744,0.1171,-0.0854,0.0433,0.0835,-0.0854,0.016,0.0343,-0.0854
2025-03-30,-0.0259,0.0046,-0.0854,-0.0353,-0.0196,-0.214,-0.0857,-0.0728,-0.214,-0.1104,-0.1098,-0.214,-0.1142,-0.1173,-0.214,-0.1519,-0.142,,-0.1597,-0.1824,,-0.1821,-0.207,,-0.1557,-0.2007,-1.9961,-0.1366,-0.1886,-1.9961,-0.1292,-0.2208,-1.9961,-0.1374,-0.175,-1.9961,-0.0949,-0.1714,-0.2439,-0.0853,-0.1431,-0.2439,-0.0842,-0.1558,-0.2439,-0.044,-0.14,-0.2439,-0.0216,-0.134,-0.1422,0.0079,-0.089,-0.1422,0.0436,-0.0725,-0.1422,0.0457,-0.0803,-0.1422,0.0747,-0.0641,-0.0316,0.0787,-0.021,-0.0316,0.0183,-0.0169,-0.0316,0.0126,0.0552,-0.0316,0.0519,0.0624,-0.0406,0.041,0.1184,-0.0406,0.0311,0.1253,-0.0406,0.1074,0.0905,-0.0406,0.1144,0.0082,-0.2708,0.1011,0.0302,-0.2708,0.0512,0.0945,-0.2708,-0.0023,0.0888,-0.2708,-0.0125,0.0781,-0.5399,-0.0926,0.1028,-0.5399,-0.176,0.0851,-0.5399,-0.4157,0.0226,-0.5399,-0.5551,-0.1047,-0.6446,-0.7762,-0.0348,-0.6446,-0.8224,-0.2869,-0.6446,-0.9405,-0.4708,-0.6446,-1.0994,-0.6058,-1.1589,-1.2557,-0.7399,-1.1589,-1.2772,-0.8608,-1.1589,-1.3858,-1.1106,-1.1589,-1.4566,-1.2657,-1.2785,-1.5417,-1.3878,-1.2785,-1.6482,-1.2653,-1.2785,-1.6583,-1.3571,-1.2785,-1.8307,-1.4324,-0.9526,-1.8781,-1.5342,-0.9526,-1.9037,-1.549,-0.9526,-1.9077,-1.5909,-0.9526,-1.9322,-1.6755,-1.2127,-1.9804,-1.7015,-1.2127,-1.8889,-1.7383,-1.2127,-1.9999,-1.6932,-1.2127,-2.0426,-1.7783,-1.1051,-1.9615,-1.6094,-1.1051,-1.8498,-1.5727,-1.1051,-1.7615,-1.6892,-1.1051,-1.7053,-1.6213,-0.5788,-1.5814,-1.4586,-0.5788,-1.548,-1.3394,-0.5788,-1.3434,-1.2076,-0.5788,-1.1511,-1.0226,-0.1512,-1.0767,-0.9036,-0.1512,-0.821,-1.0124,-0.1512,-0.6347,-0.8769,-0.1512,-0.3965,-0.7494,0.1657,-0.251,-0.5882,0.1657,-0.1388,-0.435,0.1657,0.0681,-0.3053,0.1657,0.2052,-0.1508,0.5873,0.2808,-0.0228,0.5873,0.3556,0.1926,0.5873,0.3729,0.4086,0.5873,0.3996,0.4996,0.68,0.387,0.5601,0.68,0.3878,0.6166,0.68,0.3404,0.5543,0.68,0.2818,0.5228,0.4917,0.2397,0.4661,0.4917,0.2091,0.4985,0.4917,0.1629,0.4362,0.4917,0.0961,0.3633,0.3093,0.0527,0.3498,0.3093,-0.0128,0.2591,0.3093,-0.0222,0.2678,0.3093,-0.0985,0.1915,0.1149,-0.1288,0.1206,0.1149,-0.1906,0.055,0.1149,,0.0589,,,0.0238,,,-0.0781,,,-0.1191,,,-0.1708,
2025-03-31,-0.1966,-0.1827,0.1149,-0.2303,-0.2031,-0.205,-0.2916,-0.2414,-0.205,-0.2872,-0.2852,-0.205,-0.3495,-0.2831,-0.205,-0.3417,-0.2969,-0.226,-0.3878,-0.3273,-0.226,-0.3842,-0.322,-0.226,-0.4082,-0.3234,-0.226,-0.3897,-0.3206,-0.1781,-0.409,-0.3109,-0.1781,-0.387,-0.3038,-0.1781,-0.3469,-0.2556,-0.1781,-0.3714,-0.2608,-0.1004,-0.3311,-0.2319,-0.1004,-0.341,-0.247,-0.1004,-0.3082,-0.2192,-0.1004,-0.3011,-0.1903,0.0461,-0.2683,-0.1669,0.0461,-0.2538,-0.1467,0.0461,-0.2139,-0.1026,0.0461,-0.1289,-0.042,0.3422,-0.1018,0.0038,0.3422,-0.0395,0.0723,0.3422,0.0753,0.0953,0.3422,0.1747,0.1697,0.6262,0.2259,0.1676,0.6262,0.3187,0.1306,0.6262,0.4269,0.1841,0.6262,0.5589,0.3095,0.6292,0.6195,0.3369,0.6292,0.7225,0.3628,0.6292,0.7302,0.3697,0.6292,0.7441,0.4008,0.1867,0.674,0.331,0.1867,0.5358,0.2221,0.1867,0.4372,0.2096,0.1867,0.3283,0.1302,-0.4263,0.1633,0.0033,-0.4263,-0.041,-0.0367,-0.4263,-0.2253,-0.2712,-0.4263,-0.3434,-0.3901,-0.8539,-0.5223,-0.5315,-0.8539,-0.6646,-0.7552,-0.8539,-0.7894,-0.9212,-0.8539,-0.9044,-1.0526,-1.1619,-0.978,-0.8955,-1.1619,-0.9826,-1.0102,-1.1619,-1.0884,-1.1629,-1.1619,-1.3096,-1.4053,-1.419,-1.5011,-1.4711,-1.419,-1.6347,-1.6397,-1.419,-1.7144,-1.6134,-1.419,-1.6932,-1.6179,-1.4071,-1.706,-1.6672,-1.4071,-1.6945,-1.5489,-1.4071,-1.6641,-1.6537,-1.4071,-1.6624,-1.6094,-1.0931,-1.6978,-1.3817,-1.0931,-1.6702,-1.5283,-1.0931,-1.6497,-1.4861,-1.0931,-1.63,-1.2697,-0.8838,-1.5562,-1.1436,-0.8838,-1.5268,-1.1517,-0.8838,-1.4242,-0.9531,-0.8838,-1.3629,-0.7757,-0.4353,-1.2922,-0.8216,-0.4353,-1.1906,-0.7229,-0.4353,-1.1062,-0.6378,-0.4353,-1.0101,-0.4627,0.1926,-0.8721,-0.2997,0.1926,-0.6461,-0.1745,0.1926,-0.4454,0.0096,0.1926,-0.2524,0.1816,0.5754,-0.0607,0.3777,0.5754,0.1542,0.4562,0.5754,0.3267,0.5463,0.5754,0.4823,0.6051,0.8026,0.5989,0.6149,0.8026,0.5953,0.5866,0.8026,0.5997,0.601,0.8026,0.6121,0.5308,0.5933,0.6079,0.5323,0.5933,0.6001,0.465,0.5933,0.5729,0.4336,0.5933,0.4816,0.3669,0.3451,0.4585,0.3541,0.3451,0.3951,0.2812,0.3451,0.3478,0.2084,0.3451,0.2863,0.1757,0.1418,0.2274,0.1144,0.1418,0.1718,0.0833,0.1418,0.1242,0.0582,0.1418,0.0385,-0.0559,-0.0346,0.0176,-0.083,-0.0346,-0.0284,-0.1326,-0.0346
2025-04-01,-0.0685,-0.1679,-0.0346,-0.0936,-0.1822,-0.1393,-0.1421,-0.2245,-0.1393,-0.1404,-0.2993,-0.1393,-0.1836,-0.2681,-0.1393,-0.2079,-0.2795,-0.223,-0.1661,-0.3074,-0.223,-0.2187,-0.3086,-0.223,-0.2187,-0.2636,-0.223,-0.1843,-0.2519,-0.2379,-0.18,-0.2562,-0.2379,-0.1713,-0.2633,-0.2379,-0.1718,-0.2493,-0.2379,-0.1033,-0.2277,-0.208,-0.0938,-0.2276,-0.208,-0.0977,-0.1945,-0.208,-0.0948,-0.1856,-0.208,-0.0713,-0.1794,-0.1452,-0.0175,-0.1657,-0.1452,-0.0212,-0.136,-0.1452,0.0235,-0.1046,-0.1452,0.0931,-0.0738,0.0342,0.1246,-0.044,0.0342,0.2011,0.0343,0.0342,0.2704,0.0683,0.0342,0.3997,0.1749,0.2794,0.4412,0.2276,0.2794,0.5432,0.2538,0.2794,0.6231,0.3402,0.2794,0.7428,0.4823,0.5664,0.8065,0.5413,0.5664,0.8884,0.6198,0.5664,0.9442,0.6401,0.5664,0.892,0.6642,0.5425,0.8164,0.6323,0.5425,0.6774,0.4527,0.5425,0.5709,0.4542,0.5425,0.3955,0.3252,0.088,0.2577,0.2174,0.088,0.0765,0.0869,0.088,-0.1084,-0.2163,0.088,-0.2546,-0.2922,-0.5489,-0.4317,-0.5384,-0.5489,-0.5545,-0.7285,-0.5489,-0.6781,-0.884,-0.5489,-0.7856,-0.9955,-1.0184,-0.8807,-0.8217,-1.0184,-0.8971,-0.6505,-1.0184,-0.9891,-1.0539,-1.0184,-1.1999,-1.2696,-1.419,-1.4253,-1.3226,-1.419,-1.56,-1.2797,-1.419,-1.5675,-1.3162,-1.419,-1.5346,-1.3859,-1.6104,-1.5418,-1.2822,-1.6104,-1.5005,-1.2584,-1.6104,-1.5642,-1.3696,-1.6104,-1.5467,-1.3117,-1.5835,-1.5146,-1.2318,-1.5835,-1.4381,-1.2643,-1.5835,-1.3184,-1.2267,-1.5835,-0.7769,-1.1071,-1.4041,0.0784,-1.1005,-1.4041,0.4067,-1.13,-1.4041,0.3414,-0.9228,-1.4041,0.4167,-0.8149,-1.0931,0.4741,-0.8362,-1.0931,0.2986,-0.871,-1.0931,-0.0246,-0.8447,-1.0931,-0.2915,-0.6769,-0.519,-0.3052,-0.5494,-0.519,-0.4196,-0.3481,-0.519,-0.2941,-0.1381,-0.519,-0.0957,0.0861,0.1747,0.1204,0.2271,0.1747,0.296,0.3928,0.1747,0.4519,0.4029,0.1747,0.6179,0.4684,0.5574,0.7376,0.5364,0.5574,0.7828,0.544,0.5574,0.7939,0.5719,0.5574,0.8363,0.5741,0.6232,0.8497,0.5484,0.6232,0.799,0.5187,0.6232,0.7643,0.4712,0.6232,0.6743,0.4324,0.4438,0.6009,0.3981,0.4438,0.5507,0.3469,0.4438,0.5079,0.2934,0.4438,0.4441,0.2496,0.2584,0.3877,0.1817,0.2584,0.3271,0.1179,0.2584,0.2685,0.0871,0.2584,0.2014,0.007,0.088,0.1737,-0.0766,0.088,0.1046,-0.1018,0.088
2025-04-02,0.0698,-0.0977,0.088,0.0517,-0.1285,-0.223,0.0255,-0.1889,-0.223,0.0142,-0.2166,-0.223,-0.0114,-0.2247,-0.223,-0.0358,-0.2473,-0.3007,-0.0421,-0.2625,-0.3007,-0.0272,-0.2767,-0.3007,-0.0605,-0.272,-0.3007,-0.0426,-0.2628,-0.3007,-0.0537,-0.2774,-0.3007,-0.0241,-0.2627,-0.3007,-0.0272,-0.2377,-0.3007,-0.0272,-0.2226,-0.232,-0.005,-0.2182,-0.232,-0.0029,-0.2208,-0.232,0.0144,-0.2322,-0.232,0.0427,-0.2252,-0.1542,0.055,-0.2152,-0.1542,0.107,-0.1609,-0.1542,0.1278,-0.1447,-0.1542,0.1996,-0.0897,0.0103,0.2139,-0.0505,0.0103,0.2937,-0.0154,0.0103,0.3826,0.0395,0.0103,0.4513,0.1196,0.3481,0.5309,0.159,0.3481,0.6034,0.1987,0.3481,0.7009,0.2335,0.3481,0.7851,0.3157,0.6711,0.9082,0.3808,0.6711,0.9854,0.4158,0.6711,1.0587,0.4817,0.6711,1.1062,0.4078,0.6173,0.9332,0.3101,0.6173,0.77,0.2058,0.6173,0.6437,0.151,0.6173,0.4157,0.0082,0.1029,0.2623,-0.0385,0.1029,0.0383,-0.1659,0.1029,-0.0759,-0.3135,0.1029,-0.2346,-0.3799,-0.5399,-0.4169,-0.5802,-0.5399,-0.5535,-0.8214,-0.5399,-0.6993,-0.9402,-0.5399,-0.8094,-0.9838,-0.9167,-0.9054,-0.8884,-0.9167,-0.922,-0.9158,-0.9167,-1.0149,-1.1526,-0.9167,-1.2093,-1.2778,-1.3114,-1.3726,-1.3926,-1.3114,-1.5186,-1.4146,-1.3114,-1.6003,-1.5161,-1.3114,-1.5887,-1.4521,-1.4908,-1.5861,-1.4803,-1.4908,-1.5318,-1.4163,-1.4908,-1.5185,-1.5054,-1.4908,-1.5562,-1.4431,-1.4699,-1.6042,-1.4475,-1.4699,-1.6878,-1.4846,-1.4699,-1.6758,-1.3908,-1.4699,-1.5937,-1.3696,-1.3413,-1.3921,-1.4454,-1.3413,-1.3385,-1.4142,-1.3413,-1.289,-1.2487,-1.3413,-1.1889,-1.2143,-1.0632,-1.1151,-1.1423,-1.0632,-1.0503,-1.0805,-1.0632,-0.9467,-0.9696,-1.0632,-0.8499,-0.7388,-0.6237,-0.6562,-0.6285,-0.6237,-0.5606,-0.4653,-0.6237,-0.1948,-0.2818,-0.6237,0.0633,-0.0851,0.0252,0.2841,0.0645,0.0252,0.4219,0.202,0.0252,0.5234,0.3436,0.0252,0.6577,0.3904,0.4588,0.7032,0.4643,0.4588,0.6931,0.467,0.4588,0.7285,0.4836,0.4588,0.7173,0.5053,0.5246,0.7349,0.5064,0.5246,0.684,0.4814,0.5246,0.6326,0.4396,0.5246,0.5818,0.3909,0.3362,0.5091,0.3529,0.3362,0.4704,0.3008,0.3362,0.4089,0.2207,0.3362,0.3482,0.1597,0.1448,0.2706,0.1148,0.1448,0.2594,0.032,0.1448,0.1907,0.0046,0.1448,0.1108,-0.0589,-0.0376,0.0525,-0.1487,-0.0376,0.0331,-0.1778,-0.0376
2025-04-03,-0.0509,-0.0906,-0.0376,-0.071,-0.0976,-0.1422,-0.1178,-0.1291,-0.1422,-0.1248,-0.1766,-0.1422,-0.1572,-0.1969,-0.1422,-0.1746,-0.2541,-0.202,-0.1879,-0.2374,-0.202,-0.1987,-0.221,-0.202,-0.2002,-0.2005,-0.202,-0.2139,-0.2055,-0.202,-0.1967,-0.223,-0.202,-0.1771,-0.2303,-0.202,-0.1991,-0.23,-0.202,-0.1817,-0.2287,-0.1422,-0.1656,-0.1941,-0.1422,-0.1715,-0.1963,-0.1422,-0.1512,-0.2033,-0.1422,-0.1226,-0.1644,-0.0824,-0.1366,-0.1454,-0.0824,-0.0754,-0.1185,-0.0824,-0.0592,-0.0948,-0.0824,0.0101,-0.0441,0.097,0.0502,0.0138,0.097,0.1154,0.0918,0.097,0.1645,0.1257,0.097,0.2972,0.226,0.3661,0.4021,0.2086,0.3661,0.4903,0.2032,0.3661,0.5665,0.2987,0.3661,0.6599,0.3835,0.7249,0.7714,0.4396,0.7249,0.8294,0.4348,0.7249,0.8384,0.4409,0.7249,0.8267,0.3828,0.6352,0.7157,0.2694,0.6352,0.5366,0.2395,0.6352,0.4985,0.1562,0.6352,0.3564,0.0248,0.097,0.2255,0.0413,0.097,0.1788,-0.1365,0.097,0.0822,-0.4092,0.097,-0.1322,-0.5024,-0.5011,-0.3583,-0.724,-0.5011,-0.4838,-0.9398,-0.5011,-0.6658,-0.9612,-0.5011,-0.7565,-0.9701,-0.9197,-0.8006,-1.0317,-0.9197,-0.8832,-1.142,-0.9197,-0.9651,-1.1237,-0.9197,-1.1819,-1.3601,-1.3383,-1.3573,-1.4118,-1.3383,-1.489,-1.4442,-1.3383,-1.5383,-1.4667,-1.3383,-1.5396,-1.435,-1.5177,-1.5307,-1.3893,-1.5177,-1.5449,-1.3441,-1.5177,-1.5282,-1.5245,-1.5177,-1.5384,-1.3989,-1.4878,-1.5847,-1.3482,-1.4878,-1.505,-1.3885,-1.4878,-1.5329,-1.4183,-1.4878,-1.5017,-1.4468,-1.2486,-1.4332,-1.4927,-1.2486,-1.4021,-1.4134,-1.2486,-1.2996,-1.2965,-1.2486,-1.3171,-1.3036,-0.9496,-1.2236,-1.3472,-0.9496,-1.1311,-1.183,-0.9496,-0.9708,-1.0941,-0.9496,-0.9861,-0.9012,-0.5609,-0.8277,-0.7815,-0.5609,-0.5521,-0.5839,-0.5609,-0.3324,-0.3619,-0.5609,-0.1508,-0.2327,0.0372,-0.008,-0.1312,0.0372,0.2272,0.0681,0.0372,0.3932,0.1512,0.0372,0.4773,0.2894,0.4857,0.523,0.3508,0.4857,0.5855,0.4001,0.4857,0.602,0.4067,0.4857,0.6199,0.4735,0.6053,0.6361,0.5035,0.6053,0.5886,0.4612,0.6053,0.5789,0.3751,0.6053,0.4964,0.3253,0.396,0.4446,0.2973,0.396,0.3711,0.178,0.396,0.3316,0.1212,0.396,0.2753,0.0851,0.2166,0.211,0.0301,0.2166,0.1406,-0.0109,0.2166,0.0999,-0.037,0.2166,0.0306,-0.1431,-0.0525,-0.0351,-0.1853,-0.0525,-0.0636,-0.2179,-0.0525
2025-04-04,-0.1045,-0.2025,-0.0525,-0.1224,-0.2791,-0.208,-0.1792,-0.3116,-0.208,-0.2038,-0.3661,-0.208,-0.237,-0.3824,-0.208,-0.2555,-0.4131,-0.2888,-0.2506,-0.4154,-0.2888,-0.2864,-0.3872,-0.2888,-0.2884,-0.4041,-0.2888,-0.2837,-0.4014,-0.2349,-0.3044,-0.4211,-0.2349,-0.3087,-0.3912,-0.2349,-0.293,-0.3804,-0.2349,-0.2662,-0.3957,-0.1991,-0.2605,-0.3825,-0.1991,-0.2577,-0.3483,-0.1991,-0.2467,-0.2998,-0.1991,-0.2245,-0.2679,-0.1034,-0.1686,-0.2287,-0.1034,-0.1583,-0.2098,-0.1034,-0.1216,-0.1878,-0.1034,-0.0607,-0.094,0.094,-0.0367,-0.0789,0.094,0.0384,-0.0109,0.094,0.1057,0.0471,0.094,0.2412,0.1273,0.4109,0.2903,0.1451,0.4109,0.3935,0.1005,0.4109,0.4467,0.1526,0.4109,0.5797,0.2711,0.6591,0.6401,0.3003,0.6591,0.7113,0.2979,0.6591,0.7342,0.3052,0.6591,0.6829,0.3152,0.4976,0.5872,0.2244,0.4976,0.4874,0.1864,0.4976,0.3706,0.1244,0.4976,0.2274,0.075,-0.0406,0.0439,0.0518,-0.0406,-0.0825,-0.1774,-0.0406,-0.2557,-0.3864,-0.0406,-0.4199,-0.4424,-0.6894,-0.537,-0.5885,-0.6894,-0.6905,-0.797,-0.6894,-0.8218,-0.9163,-0.6894,-0.9178,-0.9172,-1.0184,-1.0104,-0.9474,-1.0184,-1.0153,-1.0631,-1.0184,-1.0786,-1.2024,-1.0184,-1.3033,-1.3405,-1.443,-1.4855,-1.5351,-1.443,-1.5453,-1.6308,-1.443,-1.6154,-1.6565,-1.443,-1.6015,-1.5724,-1.5267,-1.6076,-1.5433,-1.5267,-1.5518,-1.4232,-1.5267,-1.5916,-1.5898,-1.5267,-1.5889,-1.5897,-1.5207,-1.6506,-1.5057,-1.5207,-1.6237,-1.5123,-1.5207,-1.6273,-1.5347,-1.5207,-1.5863,-1.4754,-1.3652,-1.554,-1.5226,-1.3652,-1.5181,-1.4145,-1.3652,-1.4578,-1.2441,-1.3652,-1.3892,-1.235,-1.0931,-1.3334,-1.2329,-1.0931,-1.2265,-1.1437,-1.0931,-1.1433,-1.1211,-1.0931,-0.9521,-0.9843,-0.6625,-0.8291,-0.8184,-0.6625,-0.643,-0.6091,-0.6625,-0.4429,-0.3677,-0.6625,-0.2732,-0.2718,0.073,-0.0699,-0.1533,0.073,0.091,0.027,0.073,0.2804,0.1429,0.073,0.3805,0.2417,0.4827,0.4707,0.2938,0.4827,0.5328,0.2943,0.4827,0.5602,0.3138,0.4827,0.5445,0.3469,0.5335,0.5743,0.3588,0.5335,0.5396,0.363,0.5335,0.5269,0.3173,0.5335,0.4082,0.218,0.3691,0.3747,0.1972,0.3691,0.323,0.1214,0.3691,0.2818,0.0822,0.3691,0.214,0.0045,0.1538,0.1942,-0.0354,0.1538,0.112,-0.0262,0.1538,0.108,-0.1003,0.1538,0.0433,-0.1916,-0.0226,-0.0241,-0.2383,-0.0226,-0.0649,-0.251,-0.0226
2025-04-05,-0.0851,-0.2584,-0.0226,-0.1084,-0.2969,-0.1901,-0.1511,-0.3424,-0.1901,-0.2136,-0.3956,-0.1901,-0.2318,-0.4049,-0.1901,-0.2775,-0.4355,-0.2828,-0.2838,-0.4476,-0.2828,-0.338,-0.483,-0.2828,-0.3524,-0.4734,-0.2828,-0.3756,-0.5093,-0.3127,-0.3865,-0.5199,-0.3127,-0.3975,-0.4848,-0.3127,-0.3724,-0.4804,-0.3127,-0.3811,-0.4857,-0.3007,-0.375,-0.4727,-0.3007,-0.3663,-0.4755,-0.3007,-0.358,-0.4171,-0.3007,-0.3431,-0.3722,-0.223,-0.314,-0.3822,-0.223,-0.3088,-0.3544,-0.223,-0.2883,-0.3256,-0.223,-0.2443,-0.2533,-0.0884,-0.1926,-0.2217,-0.0884,-0.1629,-0.1749,-0.0884,-0.1533,-0.158,-0.0884,-0.0774,-0.1039,0.0551,-0.0884,-0.0805,0.0551,-0.0608,-0.1313,0.0551,-0.0325,-0.1329,0.0551,-0.0067,0.0015,0.0701,0.0531,-0.0382,0.0701,0.0552,-0.0433,0.0701,0.0817,-0.0277,0.0701,0.0454,-0.0278,-0.0974,-0.0026,-0.0742,-0.0974,-0.0718,-0.1371,-0.0974,-0.1066,-0.1279,-0.0974,-0.221,-0.2364,-0.4891,-0.3538,-0.4042,-0.4891,-0.4792,-0.5946,-0.4891,-0.611,-0.7994,-0.4891,-0.7504,-0.9434,-1.0034,-0.8847,-1.1334,-1.0034,-1.0304,-1.2259,-1.0034,-1.1499,-1.3286,-1.0034,-1.2612,-1.3971,-1.3891,-1.3119,-1.3785,-1.3891,-1.3853,-1.4304,-1.3891,-1.4579,-1.431,-1.3891,-1.5346,-1.5589,-1.6941,-1.6489,-1.7127,-1.6941,-1.7254,-1.7902,-1.6941,-1.8126,-1.8907,-1.6941,-1.8784,-1.8451,-1.8018,-1.9104,-1.8049,-1.8018,-1.9442,-1.7445,-1.8018,-1.9729,-1.7907,-1.8018,-1.9816,-1.8827,-1.7719,-1.9939,-1.7578,-1.7719,-1.9641,-1.807,-1.7719,-1.9535,-1.8627,-1.7719,-1.8969,-1.6888,-1.6373,-1.8711,-1.7258,-1.6373,-1.8157,-1.6632,-1.6373,-1.7149,-1.5376,-1.6373,-1.6351,-1.5296,-1.3293,-1.5317,-1.5438,-1.3293,-1.4061,-1.4126,-1.3293,-1.3165,-1.3733,-1.3293,-1.1549,-1.2544,-0.8898,-0.974,-1.0538,-0.8898,-0.829,-0.8247,-0.8898,-0.639,-0.6242,-0.8898,-0.4451,-0.5018,-0.2499,-0.2567,-0.4308,-0.2499,-0.0495,-0.2356,-0.2499,0.0685,-0.1281,-0.2499,0.1633,-0.0316,0.2106,0.2648,0.0655,0.2106,0.2773,0.0892,0.2106,0.2807,0.1592,0.2106,0.3007,0.197,0.3571,0.3,0.2113,0.3571,0.2815,0.2149,0.3571,0.2308,0.1173,0.3571,0.1887,0.0411,0.2046,0.1363,-0.0129,0.2046,0.1139,-0.0408,0.2046,0.0515,-0.0767,0.2046,0.0374,-0.1354,0.0132,-0.0297,-0.1589,0.0132,-0.0496,-0.1479,0.0132,-0.0704,-0.2177,0.0132,-0.1755,-0.3013,-0.1422,-0.1963,-0.3433,-0.1422,-0.2559,-0.3613,-0.1422
2025-04-06,-0.3044,-0.3281,-0.1422,-0.3068,-0.3492,-0.3127,-0.3532,-0.4128,-0.3127,-0.3707,-0.4174,-0.3127,-0.408,-0.4654,-0.3127,-0.4326,-0.456,-0.4084,-0.442,-0.484,-0.4084,-0.4896,-0.5052,-0.4084,-0.4474,-0.4877,-0.4084,-0.4993,-0.5165,-0.4114,-0.4735,-0.5279,-0.4114,-0.4676,-0.5234,-0.4114,-0.4738,-0.5028,-0.4114,-0.4432,-0.506,-0.3815,-0.4478,-0.4954,-0.3815,-0.4459,-0.5018,-0.3815,-0.4319,-0.4767,-0.3815,-0.3876,-0.4405,-0.3097,-0.3892,-0.4554,-0.3097,-0.3641,-0.3967,-0.3097,-0.3753,-0.3641,-0.3097,-0.3324,-0.3191,-0.1871,-0.3116,-0.2914,-0.1871,-0.2853,-0.2798,-0.1871,-0.268,-0.2509,-0.1871,-0.2449,-0.262,-0.0854,-0.2399,-0.2888,-0.0854,-0.2304,-0.2691,-0.0854,-0.2623,-0.3348,-0.0854,-0.2057,-0.2173,-0.1064,-0.2079,-0.2906,-0.1064,-0.1743,-0.3018,-0.1064,-0.1816,-0.3384,-0.1064,-0.2484,-0.3178,-0.2559,-0.2994,-0.3358,-0.2559,-0.3893,-0.36,-0.2559,-0.4514,-0.3893,-0.2559,-0.5256,-0.4656,-0.6595,-0.6996,-0.6268,-0.6595,-0.8015,-0.8013,-0.6595,-0.8507,-0.9496,-0.6595,-0.913,-1.0652,-1.1499,-1.0764,-1.1562,-1.1499,-1.2522,-1.2435,-1.1499,-1.4029,-1.3525,-1.1499,-1.5174,-1.5099,-1.5117,-1.5742,-1.5442,-1.5117,-1.6413,-1.4963,-1.5117,-1.7153,-1.4828,-1.5117,-1.8033,-1.59,-1.8496,-1.9262,-1.701,-1.8496,-1.9607,-1.7841,-1.8496,-2.0665,-1.8245,-1.8496,-2.1235,-1.8785,-2.0559,-2.1631,-1.8965,-2.0559,-2.1954,-1.7848,-2.0559,-2.1789,-1.9116,-2.0559,-2.1974,-1.9865,-2.0829,-2.2134,-2.0211,-2.0829,-2.229,-2.0004,-2.0829,-2.2468,-2.0539,-2.0829,-2.2153,-1.9216,-2.0081,-2.1657,-1.8445,-2.0081,-2.0923,-1.804,-2.0081,-2.0331,-1.6083,-2.0081,-1.9347,-1.6131,-1.6852,-1.8637,-1.5642,-1.6852,-1.7464,-1.4824,-1.6852,-1.6328,-1.4157,-1.6852,-1.4166,-1.2683,-1.1051,-1.263,-1.0828,-1.1051,-1.0446,-0.8711,-1.1051,-0.8636,-0.632,-1.1051,-0.6487,-0.4883,-0.3785,-0.4069,-0.4648,-0.3785,-0.1967,-0.2758,-0.3785,-0.0072,-0.1754,-0.3785,0.1252,-0.1061,0.094,0.251,-0.0324,0.094,0.3001,-0.0074,0.094,0.2799,0.0454,0.094,0.2966,0.0642,0.3302,0.2998,0.1117,0.3302,0.2688,0.1103,0.3302,0.2586,0.0673,0.3302,0.198,-0.0062,0.2255,0.1677,-0.0548,0.2255,0.1252,-0.0868,0.2255,0.0362,-0.1126,0.2255,0.0019,-0.1574,0.0521,-0.054,-0.2464,0.0521,-0.1333,-0.3181,0.0521,-0.154,-0.2924,0.0521,-0.2149,-0.3918,-0.1183,-0.2817,-0.4383,-0.1183,-0.3097,-0.4667,-0.1183
2025-04-07,-0.324,-0.3558,-0.1183,-0.3473,-0.3675,-0.2648,-0.3922,-0.4196,-0.2648,-0.4234,-0.4395,-0.2648,-0.4326,-0.452,-0.2648,-0.4428,-0.4563,-0.3486,-0.4948,-0.5027,-0.3486,-0.4722,-0.4765,-0.3486,-0.4623,-0.4831,-0.3486,-0.4582,-0.486,-0.2559,-0.4515,-0.4376,-0.2559,-0.4556,-0.435,-0.2559,-0.4109,-0.4415,-0.2559,-0.4327,-0.4346,-0.1991,-0.423,-0.4405,-0.1991,-0.384,-0.4284,-0.1991,-0.3828,-0.3847,-0.1991,-0.3692,-0.3534,-0.1153,-0.3238,-0.3803,-0.1153,-0.269,-0.2943,-0.1153,-0.267,-0.2491,-0.1153,-0.1683,-0.1858,0.091,-0.1484,-0.1665,0.091,-0.0937,-0.0653,0.091,0.0452,0.0208,0.091,0.1452,0.0989,0.4199,0.2069,0.1054,0.4199,0.3222,0.1503,0.4199,0.3835,0.2019,0.4199,0.5301,0.3209,0.6382,0.5968,0.3624,0.6382,0.6802,0.3756,0.6382,0.6733,0.3459,0.6382,0.6725,0.3918,0.4139,0.5609,0.3064,0.4139,0.4554,0.1527,0.4139,0.3483,-0.0015,0.4139,0.1696,-0.0839,-0.1841,0.0095,-0.3174,-0.1841,-0.1485,-0.5137,-0.1841,-0.3031,-0.7825,-0.1841,-0.4637,-0.8459,-0.7522,-0.6121,-0.9071,-0.7522,-0.7537,-1.0755,-0.7522,-0.8686,-1.1884,-0.7522,-0.9642,-1.2767,-1.0214,-1.0136,-1.2349,-1.0214,-1.0666,-1.3092,-1.0214,-1.164,-1.307,-1.0214,-1.3917,-1.474,-1.5327,-1.5875,-1.6435,-1.5327,-1.7423,-1.709,-1.5327,-1.7978,-1.7384,-1.5327,-1.8093,-1.7306,-1.6732,-1.7717,-1.8001,-1.6732,-1.7809,-1.611,-1.6732,-1.7917,-1.7293,-1.6732,-1.8046,-1.7066,-1.6583,-1.8134,-1.6938,-1.6583,-1.8069,-1.7163,-1.6583,-1.7581,-1.7474,-1.6583,-1.7584,-1.7379,-1.4639,-1.6954,-1.6232,-1.4639,-1.6467,-1.5442,-1.4639,-1.5754,-1.3933,-1.4639,-1.4865,-1.4285,-1.1798,-1.4848,-1.2684,-1.1798,-1.3539,-1.2403,-1.1798,-1.2277,-1.1116,-1.1798,-1.129,-0.9489,-0.7104,-0.9757,-0.7865,-0.7104,-0.8107,-0.5952,-0.7104,-0.6233,-0.4672,-0.7104,-0.396,-0.3367,0.0132,-0.1666,-0.2083,0.0132,0.0235,0.0319,0.0132,0.1963,0.1202,0.0132,0.3393,0.2072,0.4588,0.4487,0.2881,0.4588,0.4705,0.2708,0.4588,0.4763,0.2904,0.4588,0.4671,0.3427,0.5335,0.5006,0.3516,0.5335,0.4815,0.3466,0.5335,0.4403,0.3183,0.5335,0.3683,0.2776,0.3691,0.3166,0.2279,0.3691,0.2892,0.1802,0.3691,0.2126,0.1438,0.3691,0.147,0.0542,0.1209,0.1008,0.0071,0.1209,0.0242,-0.0848,0.1209,-0.0285,-0.0871,0.1209,-0.1395,-0.1799,-0.1064,-0.1724,-0.2342,-0.1064,-0.2122,-0.2804,-0.1064
2025-04-08,-0.2719,-0.3065,-0.1064,-0.2735,-0.3342,-0.229,-0.2873,-0.3448,-0.229,-0.2853,-0.4012,-0.229,-0.3642,-0.4019,-0.229,-0.3573,-0.4476,-0.2977,-0.3449,-0.4452,-0.2977,-0.3664,-0.4257,-0.2977,-0.3715,-0.4244,-0.2977,-0.376,-0.4202,-0.2469,-0.3685,-0.4066,-0.2469,-0.3393,-0.4197,-0.2469,-0.317,-0.4014,-0.2469,-0.3248,-0.3904,-0.205,-0.297,-0.3697,-0.205,-0.2326,-0.3527,-0.205,-0.2186,-0.3618,-0.205,-0.1728,-0.3343,-0.1303,-0.1312,-0.3254,-0.1303,-0.0799,-0.2749,-0.1303,-0.0377,-0.2631,-0.1303,0.0027,-0.1964,0.0581,0.0689,-0.1754,0.0581,0.1128,-0.0621,0.0581,0.203,-0.0301,0.0581,0.3137,0.0689,0.3511,0.3693,0.0894,0.3511,0.4678,0.1271,0.3511,0.5152,0.177,0.3511,0.6605,0.3113,0.5574,0.7204,0.3622,0.5574,0.7721,0.3693,0.5574,0.7374,0.4071,0.5574,0.6698,0.3936,0.3212,0.5833,0.2974,0.3212,0.4235,0.1325,0.3212,0.2575,0.0064,0.3212,0.0943,-0.1105,-0.226,-0.0747,-0.3255,-0.226,-0.2158,-0.5725,-0.226,-0.3949,-0.7637,-0.226,-0.5583,-0.8368,-0.7672,-0.7053,-0.9031,-0.7672,-0.8302,-1.0474,-0.7672,-0.9413,-1.1353,-0.7672,-1.034,-1.197,-1.0632,-1.1051,-1.2155,-1.0632,-1.1624,-1.2414,-1.0632,-1.2299,-1.2191,-1.0632,-1.4659,-1.4523,-1.5506,-1.6597,-1.5546,-1.5506,-1.7663,-1.6511,-1.5506,-1.8289,-1.76,-1.5506,-1.8254,-1.6911,-1.6612,-1.8113,-1.7685,-1.6612,-1.793,-1.5759,-1.6612,-1.8289,-1.7011,-1.6612,-1.8145,-1.703,-1.6343,-1.8686,-1.6438,-1.6343,-1.845,-1.6213,-1.6343,-1.8346,-1.7268,-1.6343,-1.7778,-1.6999,-1.422,-1.7291,-1.6436,-1.422,-1.6704,-1.5888,-1.422,-1.6218,-1.4582,-1.422,-1.5246,-1.3616,-1.0841,-1.4294,-1.2601,-1.0841,-1.3375,-1.254,-1.0841,-1.2444,-1.1303,-1.0841,-1.1273,-0.9733,-0.6207,-0.9888,-0.7974,-0.6207,-0.7947,-0.6166,-0.6207,-0.6158,-0.4597,-0.6207,-0.3853,-0.298,0.0581,-0.1776,-0.1894,0.0581,0.0036,0.021,0.0581,0.1643,0.1189,0.0581,0.3611,0.2069,0.4438,0.4435,0.264,0.4438,0.4398,0.2736,0.4438,0.4528,0.2982,0.4438,0.466,0.3466,0.4767,0.5087,0.3512,0.4767,0.5037,0.3478,0.4767,0.4415,0.3188,0.4767,0.4147,0.2732,0.3302,0.3335,0.2401,0.3302,0.2991,0.1855,0.3302,0.2593,0.1335,0.3302,0.1792,0.0563,0.085,0.122,0.0019,0.085,0.0598,-0.1012,0.085,-0.0227,-0.1058,0.085,-0.0604,-0.2019,-0.1183,-0.1501,-0.2631,-0.1183,-0.1788,-0.3056,-0.1183
2025-04-09,-0.193,-0.2861,-0.1183,-0.2616,-0.3333,-0.214,-0.2866,-0.374,-0.214,-0.3268,-0.3879,-0.214,-0.3305,-0.4253,-0.214,-0.3544,-0.4686,-0.3067,-0.3803,-0.4579,-0.3067,-0.3667,-0.4679,-0.3067,-0.3957,-0.4505,-0.3067,-0.3832,-0.4492,-0.2708,-0.393,-0.4372,-0.2708,-0.3717,-0.4674,-0.2708,-0.3663,-0.4415,-0.2708,-0.3555,-0.4267,-0.2349,-0.339,-0.4217,-0.2349,-0.3306,-0.4092,-0.2349,-0.3345,-0.4201,-0.2349,-0.2921,-0.3758,-0.1662,-0.25,-0.3802,-0.1662,-0.2547,-0.3178,-0.1662,-0.1875,-0.3071,-0.1662,-0.1469,-0.2226,0.0222,-0.0943,-0.2013,0.0222,-0.0466,-0.1419,0.0222,0.0516,-0.0908,0.0222,0.1594,-0.0055,0.3392,0.2233,0.0546,0.3392,0.3242,0.1055,0.3392,0.3819,0.1385,0.3392,0.5125,0.3015,0.5485,0.5492,0.3423,0.5485,0.602,0.3706,0.5485,0.5509,0.3588,0.5485,0.5498,0.3737,0.3392,0.4645,0.2792,0.3392,0.3046,0.105,0.3392,0.195,0.0143,0.3392,0.0235,-0.0993,-0.1961,-0.1299,-0.2453,-0.1961,-0.2879,-0.4733,-0.1961,-0.4311,-0.6969,-0.1961,-0.5666,-0.7972,-0.7732,-0.702,-0.9327,-0.7732,-0.8264,-0.9603,-0.7732,-0.9314,-1.0788,-0.7732,-1.0637,-1.1227,-1.0901,-1.0946,-1.1811,-1.0901,-1.1519,-1.1792,-1.0901,-1.2932,-1.1354,-1.0901,-1.4542,-1.4123,-1.5506,-1.6364,-1.5442,-1.5506,-1.6935,-1.571,-1.5506,-1.5383,-1.6717,-1.5506,-1.6214,-1.6318,-1.5865,-1.5788,-1.6657,-1.5865,-1.6634,-1.4635,-1.5865,-1.7454,-1.629,-1.5865,-1.5934,-1.6292,-1.5207,-1.5037,-1.5231,-1.5207,-1.4149,-1.4868,-1.5207,-1.2306,-1.4652,-1.5207,-1.1493,-1.5288,-1.2127,-0.9935,-1.5116,-1.2127,-0.4661,-1.3646,-1.2127,-0.3361,-1.1822,-1.2127,-0.4243,-1.1407,-0.8958,-0.4705,-1.1027,-0.8958,-0.5203,-0.9351,-0.8958,-0.5476,-0.8916,-0.8958,-0.5714,-0.9009,-0.4502,-0.4023,-0.7382,-0.4502,-0.0651,-0.4888,-0.4502,-0.0633,-0.405,-0.4502,0.0836,-0.2346,0.1807,0.2866,-0.137,0.1807,0.4077,0.0588,0.1807,0.4695,0.1556,0.1807,0.5057,0.2362,0.4976,0.5383,0.2936,0.4976,0.5277,0.2968,0.4976,0.5169,0.3172,0.4976,0.5384,0.3289,0.4976,0.5245,0.3315,0.4976,0.5255,0.3037,0.4976,0.4774,0.3087,0.4976,0.416,0.2568,0.3451,0.3706,0.2518,0.3451,0.3131,0.1784,0.3451,0.2515,0.0747,0.3451,0.1904,0.0245,0.1209,0.1126,-0.0076,0.1209,0.0679,-0.1133,0.1209,0.0015,-0.1036,0.1209,-0.039,-0.1921,-0.1034,-0.1031,-0.2496,-0.1034,-0.1717,-0.2856,-0.1034
2025-04-10,-0.2102,-0.264,-0.1034,-0.2039,-0.2792,-0.232,-0.2587,-0.3185,-0.232,-0.2648,-0.3589,-0.232,-0.3086,-0.3881,-0.232,-0.3065,-0.3954,-0.3306,-0.3221,-0.4145,-0.3306,-0.3435,-0.4153,-0.3306,-0.3548,-0.4018,-0.3306,-0.3503,-0.3811,-0.2947,-0.3229,-0.3903,-0.2947,-0.3515,-0.4057,-0.2947,-0.3066,-0.4109,-0.2947,-0.3033,-0.3906,-0.2469,-0.3107,-0.3809,-0.2469,-0.2798,-0.3539,-0.2469,-0.2821,-0.3582,-0.2469,-0.2418,-0.3447,-0.1273,-0.2288,-0.3318,-0.1273,-0.1885,-0.3041,-0.1273,-0.1396,-0.2644,-0.1273,-0.1069,-0.1802,0.079,-0.0657,-0.15,0.079,0.0011,-0.0959,0.079,0.0462,-0.0378,0.079,0.2057,0.0264,0.3691,0.2744,0.0841,0.3691,0.3774,0.1258,0.3691,0.3999,0.179,0.3691,0.5188,0.3263,0.5305,0.5472,0.348,0.5305,0.6109,0.3636,0.5305,0.6106,0.4245,0.5305,0.5185,0.3639,0.2584,0.4481,0.286,0.2584,0.3209,0.1256,0.2584,0.1979,-0.0077,0.2584,0.1155,-0.1588,-0.3007,-0.0491,-0.327,-0.3007,-0.1885,-0.5368,-0.3007,-0.2975,-0.7618,-0.3007,-0.2874,-0.9027,-0.8778,-0.5128,-0.9642,-0.8778,-0.669,-1.0422,-0.8778,-0.8326,-1.1049,-0.8778,-1.0026,-1.1949,-1.2037,-1.0548,-1.2355,-1.2037,-1.1163,-1.2413,-1.2037,-1.2166,-1.2333,-1.2037,-1.4038,-1.5097,-1.6433,-1.5974,-1.6222,-1.6433,-1.7229,-1.6635,-1.6433,-1.7845,-1.7079,-1.6433,-1.7709,-1.639,-1.6792,-1.7831,-1.6804,-1.6792,-1.8096,-1.6016,-1.6792,-1.7907,-1.6692,-1.6792,-1.7713,-1.6215,-1.6612,-1.8027,-1.5622,-1.6612,-1.7743,-1.5592,-1.6612,-1.7622,-1.6712,-1.6612,-1.7138,-1.6593,-1.4878,-1.6847,-1.6065,-1.4878,-1.6021,-1.5636,-1.4878,-1.5554,-1.4041,-1.4878,-1.5001,-1.4416,-1.1768,-1.4374,-1.3388,-1.1768,-1.3336,-1.3449,-1.1768,-1.1882,-1.2741,-1.1768,-1.0985,-1.0964,-0.7164,-0.9215,-0.92,-0.7164,-0.7636,-0.755,-0.7164,-0.5867,-0.5235,-0.7164,-0.3764,-0.3492,0.0103,-0.1819,-0.2451,0.0103,-0.0011,-0.0593,0.0103,0.1623,0.0306,0.0103,0.2978,0.1575,0.4109,0.4114,0.1822,0.4109,0.4545,0.2013,0.4109,0.4942,0.2346,0.4109,0.4738,0.2817,0.4498,0.4781,0.2894,0.4498,0.4873,0.2734,0.4498,0.43,0.249,0.4498,0.3671,0.2112,0.3123,0.3459,0.1974,0.3123,0.2699,0.1301,0.3123,0.2402,0.0737,0.3123,0.1669,-0.0034,0.1,0.1068,-0.0266,0.1,0.0602,-0.1362,0.1,-0.0141,-0.1278,0.1,-0.0603,-0.2145,-0.1153,-0.1149,-0.2778,-0.1153,-0.1707,-0.304,-0.1153
2025-04-11,-0.216,-0.3192,-0.1153,-0.247,-0.3376,-0.2678,-0.2631,-0.4255,-0.2678,-0.3103,-0.4337,-0.2678,-0.3311,-0.4684,-0.2678,-0.3406,-0.4811,-0.3725,-0.3412,-0.4936,-0.3725,-0.3614,-0.4958,-0.3725,-0.4096,-0.511,-0.3725,-0.3807,-0.5031,-0.3336,-0.4058,-0.5041,-0.3336,-0.3943,-0.5343,-0.3336,-0.3893,-0.5431,-0.3336,-0.3706,-0.4754,-0.3157,-0.359,-0.5203,-0.3157,-0.3397,-0.4797,-0.3157,-0.3315,-0.5029,-0.3157,-0.3234,-0.4721,-0.214,-0.2919,-0.4838,-0.214,-0.2734,-0.4471,-0.214,-0.2452,-0.4088,-0.214,-0.1721,-0.3385,-0.0107,-0.1841,-0.3016,-0.0107,-0.1088,-0.277,-0.0107,0.0024,-0.1952,-0.0107,0.0841,-0.1416,0.2734,0.1754,-0.075,0.2734,0.2294,-0.0185,0.2734,0.2969,0.0358,0.2734,0.4445,0.1912,0.4707,0.4525,0.2215,0.4707,0.494,0.2152,0.4707,0.4796,0.2456,0.4707,0.3934,0.2368,0.2166,0.3028,0.1201,0.2166,0.2013,0.0356,0.2166,0.1246,-0.0504,0.2166,-0.0111,-0.1653,-0.3097,-0.1393,-0.3195,-0.3097,-0.2809,-0.5256,-0.3097,-0.4768,-0.7389,-0.3097,-0.6239,-0.8712,-0.8718,-0.7744,-0.9307,-0.8718,-0.8764,-1.0674,-0.8718,-0.9859,-1.1317,-0.8718,-1.0679,-1.1694,-1.2157,-1.1443,-1.2607,-1.2157,-1.1964,-1.2887,-1.2157,-1.3033,-1.2527,-1.2157,-1.4687,-1.495,-1.6463,-1.6246,-1.6439,-1.6463,-1.7481,-1.7285,-1.6463,-1.8027,-1.7428,-1.6463,-1.7706,-1.6902,-1.6762,-1.8117,-1.7144,-1.6762,-1.8214,-1.5866,-1.6762,-1.8111,-1.6065,-1.6762,-1.8173,-1.6224,-1.6642,-1.8458,-1.6235,-1.6642,-1.8435,-1.6496,-1.6642,-1.7957,-1.7621,-1.6642,-1.7654,-1.7344,-1.4848,-1.732,-1.6779,-1.4848,-1.6818,-1.6426,-1.4848,-1.6253,-1.4768,-1.4848,-1.5768,-1.4461,-1.1948,-1.462,-1.4277,-1.1948,-1.3909,-1.3452,-1.1948,-1.2359,-1.2515,-1.1948,-1.159,-1.1044,-0.7193,-1.0096,-0.8807,-0.7193,-0.8227,-0.7492,-0.7193,-0.631,-0.5377,-0.7193,-0.4676,-0.3899,-0.0047,-0.2627,-0.2609,-0.0047,-0.0713,-0.1148,-0.0047,0.0735,-0.0095,-0.0047,0.2001,0.1021,0.396,0.2965,0.1367,0.396,0.3828,0.1399,0.396,0.4058,0.2037,0.396,0.3728,0.2094,0.4408,0.3679,0.1887,0.4408,0.3812,0.1608,0.4408,0.3396,0.107,0.4408,0.2751,0.0593,0.3033,0.2039,0.0291,0.3033,0.145,-0.0267,0.3033,0.1229,-0.0804,0.3033,0.0628,-0.1341,0.1149,0.0273,-0.1723,0.1149,-0.017,-0.2379,0.1149,-0.0949,-0.2677,0.1149,-0.1481,-0.3847,-0.1034,-0.1826,-0.3715,-0.1034,-0.2502,-0.409,-0.1034
2025-04-12,-0.251,-0.369,-0.1034,-0.2682,-0.3705,-0.2469,-0.3233,-0.4569,-0.2469,-0.362,-0.4638,-0.2469,-0.4007,-0.5236,-0.2469,-0.401,-0.5172,-0.3456,-0.4428,-0.5733,-0.3456,-0.4594,-0.5856,-0.3456,-0.5029,-0.621,-0.3456,-0.4874,-0.6458,-0.3934,-0.5401,-0.6475,-0.3934,-0.5111,-0.6491,-0.3934,-0.5213,-0.6484,-0.3934,-0.5128,-0.6386,-0.3844,-0.5155,-0.6475,-0.3844,-0.508,-0.6315,-0.3844,-0.4997,-0.642,-0.3844,-0.4935,-0.5949,-0.3217,-0.4449,-0.5968,-0.3217,-0.4384,-0.5745,-0.3217,-0.4147,-0.5594,-0.3217,-0.3363,-0.4731,-0.1841,-0.3672,-0.4379,-0.1841,-0.308,-0.4436,-0.1841,-0.301,-0.4228,-0.1841,-0.2587,-0.3766,-0.0944,-0.2117,-0.406,-0.0944,-0.2034,-0.3194,-0.0944,-0.2005,-0.4032,-0.0944,-0.128,-0.2745,-0.1123,-0.1439,-0.3507,-0.1123,-0.1215,-0.3023,-0.1123,-0.1853,-0.2542,-0.1123,-0.2125,-0.2588,-0.3516,-0.3061,-0.2788,-0.3516,-0.4074,-0.3245,-0.3516,-0.4901,-0.4052,-0.3516,-0.581,-0.4615,-0.7433,-0.7538,-0.6191,-0.7433,-0.8175,-0.8087,-0.7433,-0.8089,-0.8899,-0.7433,-0.7076,-1.0003,-1.1649,-0.8595,-1.1163,-1.1649,-0.8244,-1.2279,-1.1649,-0.7843,-1.2459,-1.1649,-0.8316,-1.3301,-1.5087,-0.8437,-1.353,-1.5087,-0.9945,-1.3305,-1.5087,-1.0221,-1.4372,-1.5087,-1.016,-1.42,-1.8137,-0.6063,-1.4329,-1.8137,-0.9869,-1.5023,-1.8137,-0.7838,-1.5178,-1.8137,-0.0561,-1.5437,-1.7958,0.1518,-1.5033,-1.7958,0.1592,-1.3074,-1.7958,0.0116,-1.2612,-1.7958,-0.4366,-1.2817,-1.5177,-1.1931,-1.2586,-1.5177,-2.0928,-1.195,-1.5177,-2.1734,-1.1069,-1.5177,-1.9996,-1.0399,-1.2127,-1.9415,-1.0565,-1.2127,-1.908,-0.9341,-1.2127,-1.8248,-0.7795,-1.2127,-1.7444,-0.7738,-0.8419,-1.6563,-0.7314,-0.8419,-1.5405,-0.7381,-0.8419,-1.431,-0.6653,-0.8419,-1.3064,-0.7082,-0.5489,-1.1955,-0.5815,-0.5489,-1.0421,-0.5822,-0.5489,-0.8232,-0.4322,-0.5489,-0.6975,-0.3055,-0.0466,-0.4518,-0.2918,-0.0466,-0.272,-0.1465,-0.0466,-0.0774,-0.0258,-0.0466,-0.0519,0.0014,0.2196,0.1141,0.0188,0.2196,0.1588,0.0173,0.2196,0.1524,0.0406,0.2196,0.1877,0.0267,0.2644,0.1676,0.0561,0.2644,0.1881,0.0325,0.2644,0.1396,0.0365,0.2644,0.088,-0.0794,0.1358,0.0285,-0.1223,0.1358,0.0103,-0.1879,0.1358,-0.0199,-0.2196,0.1358,-0.0656,-0.248,-0.0406,-0.1118,-0.3131,-0.0406,-0.1595,-0.3115,-0.0406,-0.1991,-0.3603,-0.0406,-0.2614,-0.421,-0.223,-0.3072,-0.4619,-0.223,-0.3309,-0.4962,-0.223
2025-04-13,-0.3976,-0.4591,-0.223,-0.4226,-0.4854,-0.3695,-0.4469,-0.5367,-0.3695,-0.4859,-0.5716,-0.3695,-0.5198,-0.5973,-0.3695,-0.5445,-0.63,-0.4801,-0.5687,-0.6596,-0.4801,-0.6104,-0.6726,-0.4801,-0.5931,-0.6831,-0.4801,-0.6261,-0.7154,-0.5579,-0.6318,-0.7354,-0.5579,-0.6597,-0.7319,-0.5579,-0.6269,-0.7399,-0.5579,-0.6423,-0.748,-0.5579,-0.6584,-0.7536,-0.5579,-0.6396,-0.756,-0.5579,-0.643,-0.7511,-0.5579,-0.6148,-0.7378,-0.528,-0.6098,-0.7276,-0.528,-0.5969,-0.7131,-0.528,-0.5718,-0.7163,-0.528,-0.524,-0.6599,-0.4263,-0.5347,-0.6444,-0.4263,-0.511,-0.6315,-0.4263,-0.4967,-0.624,-0.4263,-0.4774,-0.6263,-0.3336,-0.4839,-0.6696,-0.3336,-0.4662,-0.608,-0.3336,-0.4639,-0.609,-0.3336,-0.432,-0.537,-0.2469,-0.3971,-0.4884,-0.2469,-0.3986,-0.4634,-0.2469,-0.3604,-0.444,-0.2469,-0.3597,-0.3968,-0.2828,-0.3074,-0.434,-0.2828,-0.3165,-0.4038,-0.2828,-0.4278,-0.4043,-0.2828,-0.6335,-0.42,-0.4024,-0.8458,-0.4576,-0.4024,-0.7137,-0.4909,-0.4024,-0.5936,-0.562,-0.4024,-0.5116,-0.6727,-0.5639,-0.3097,-0.7182,-0.5639,-0.117,-0.867,-0.5639,0.0392,-0.9777,-0.5639,0.0336,-0.9758,-0.7522,-0.2686,-0.8187,-0.7522,-0.551,-0.7637,-0.7522,-0.6446,-0.7672,-0.7522,-0.5545,-0.881,-0.8958,-0.5706,-0.9519,-0.8958,-0.6423,-0.9762,-0.8958,-0.7578,-1.1298,-0.8958,-0.8021,-1.1732,-0.8599,-0.8609,-1.1511,-0.8599,-0.7672,-1.0591,-0.8599,-0.8146,-1.2202,-0.8599,-0.9075,-1.2076,-0.9287,-0.8895,-1.2847,-0.9287,-1.0075,-1.1612,-0.9287,-0.9284,-1.0717,-0.9287,-1.088,-0.9902,-0.9556,-1.1566,-1.0071,-0.9556,-1.0191,-0.8027,-0.9556,-0.9746,-0.8696,-0.9556,-1.0302,-0.8071,-0.8449,-1.0083,-0.7651,-0.8449,-0.9506,-0.7972,-0.8449,-0.7352,-0.6526,-0.8449,-0.5977,-0.6944,-0.5579,-0.5278,-0.6929,-0.5579,-0.5004,-0.4516,-0.5579,-0.5169,-0.4594,-0.5579,-0.4982,-0.3042,-0.0496,-0.3813,-0.2077,-0.0496,-0.1881,-0.108,-0.0496,-0.0654,-0.0554,-0.0496,0.0283,0.0023,0.1926,0.0945,0.0563,0.1926,0.1393,0.0598,0.1926,0.1193,0.0663,0.1926,0.129,0.0678,0.1926,0.1278,0.1223,0.1926,0.1075,0.0801,0.1926,0.0677,0.023,0.1926,0.0429,-0.0391,0.0641,-0.0219,-0.1382,0.0641,-0.091,-0.1724,0.0641,-0.1235,-0.1886,0.0641,-0.1753,-0.26,-0.1034,-0.2149,-0.3436,-0.1034,-0.2987,-0.3138,-0.1034,-0.348,-0.3617,-0.1034,-0.3971,-0.4195,-0.3097,-0.4469,-0.4917,-0.3097,-0.496,-0.5392,-0.3097
2025-04-14,-0.5179,-0.5478,-0.3097,-0.5209,-0.5616,-0.4323,-0.5727,-0.5955,-0.4323,-0.5998,-0.6297,-0.4323,-0.6459,-0.6339,-0.4323,-0.6543,-0.6753,-0.5429,-0.6592,-0.6739,-0.5429,-0.6701,-0.6696,-0.5429,-0.7058,-0.7141,-0.5429,-0.708,-0.6924,-0.5579,-0.7222,-0.6989,-0.5579,-0.7071,-0.7309,-0.5579,-0.6919,-0.6905,-0.5579,-0.6774,-0.6812,-0.5369,-0.6673,-0.669,-0.5369,-0.6702,-0.6556,-0.5369,-0.6535,-0.6761,-0.5369,-0.633,-0.6216,-0.4771,-0.6039,-0.6028,-0.4771,-0.5665,-0.5596,-0.4771,-0.5664,-0.5632,-0.4771,-0.4982,-0.46,-0.2828,-0.4681,-0.4619,-0.2828,-0.4317,-0.3964,-0.2828,-0.3533,-0.3132,-0.2828,-0.2141,-0.2295,-0.0226,-0.1729,-0.191,-0.0226,-0.0707,-0.1414,-0.0226,-0.0266,-0.0985,-0.0226,0.1136,0.0474,0.1747,0.1494,0.1084,0.1747,0.2415,0.1352,0.1747,0.274,0.1729,0.1747,0.2165,0.1759,-0.0077,0.1748,0.1002,-0.0077,0.0545,-0.0376,-0.0077,0.0277,-0.09,-0.0077,-0.2156,-0.2177,-0.3785,-0.4815,-0.3152,-0.3785,-0.6123,-0.5004,-0.3785,-0.6684,-0.728,-0.3785,-0.6882,-0.7422,-0.8539,-0.9566,-0.8633,-0.8539,-1.12,-0.9877,-0.8539,-1.1429,-1.1203,-0.8539,-1.1032,-1.1327,-1.1709,-1.0904,-1.1672,-1.1709,-0.9651,-1.1197,-1.1709,-1.106,-1.0883,-1.1709,-1.3417,-1.2377,-1.6284,-1.6866,-1.4954,-1.6284,-1.7475,-1.4866,-1.6284,-1.7973,-1.5069,-1.6284,-1.7077,-1.5188,-1.6523,-1.8742,-1.5621,-1.6523,-1.8085,-1.3067,-1.6523,-1.7536,-1.2691,-1.6523,-1.7589,-1.1556,-1.6134,-1.7674,-1.1535,-1.6134,-1.7659,-1.086,-1.6134,-1.7767,-1.1206,-1.6134,-1.7879,-1.0515,-1.4131,-1.8646,-1.1211,-1.4131,-1.6492,-1.1146,-1.4131,-1.5923,-0.9879,-1.4131,-1.4573,-0.9301,-1.1081,-1.3007,-0.8812,-1.1081,-1.4927,-0.8558,-1.1081,-1.4319,-0.7818,-1.1081,-1.3152,-0.7102,-0.6326,-1.1459,-0.6693,-0.6326,-0.9398,-0.5943,-0.6326,-0.7207,-0.4591,-0.6326,-0.4944,-0.27,-0.0017,-0.2815,-0.1497,-0.0017,-0.0846,0.015,-0.0017,0.0698,0.0368,-0.0017,0.1549,0.1105,0.3212,0.1561,0.167,0.3212,0.1757,0.1569,0.3212,0.1791,0.182,0.3212,0.1994,0.1808,0.3093,0.2101,0.199,0.3093,0.1353,0.1585,0.3093,0.1545,0.0988,0.3093,0.0465,0.0261,0.1598,-0.0071,-0.0045,0.1598,-0.0352,-0.0611,0.1598,-0.1136,-0.1217,0.1598,-0.1635,-0.1585,-0.0705,-0.264,-0.2313,-0.0705,-0.3071,-0.2724,-0.0705,-0.3585,-0.3342,-0.0705,-0.4305,-0.3965,-0.2768,-0.472,-0.451,-0.2768,-0.537,-0.5089,-0.2768
2025-04-15,-0.5881,-0.5788,-0.2768,-0.6094,-0.6113,-0.4233,-0.6256,-0.6576,-0.4233,-0.6602,-0.6989,-0.4233,-0.7037,-0.7232,-0.4233,-0.7144,-0.7366,-0.528,-0.7587,-0.7385,-0.528,-0.7495,-0.7418,-0.528,-0.7723,-0.7517,-0.528,-0.7901,-0.7669,-0.5489,-0.7933,-0.765,-0.5489,-0.7905,-0.7771,-0.5489,-0.7781,-0.7641,-0.5489,-0.772,-0.7774,-0.5399,-0.7563,-0.7695,-0.5399,-0.7707,-0.7422,-0.5399,-0.7441,-0.732,-0.5399,-0.7318,-0.6791,-0.4771,-0.7406,-0.6708,-0.4771,-0.6896,-0.657,-0.4771,-0.6955,-0.6486,-0.4771,-0.627,-0.5665,-0.3157,-0.5873,-0.5216,-0.3157,-0.5436,-0.4843,-0.3157,-0.451,-0.43,-0.3157,-0.3381,-0.2907,-0.0585,-0.2732,-0.2443,-0.0585,-0.1892,-0.2063,-0.0585,-0.1368,-0.171,-0.0585,0.0213,-0.0119,0.1777,0.092,0.0326,0.1777,0.184,0.1249,0.1777,0.2498,0.1294,0.1777,0.2637,0.1835,0.0192,0.3122,0.1446,0.0192,0.288,0.1245,0.0192,0.3255,0.0928,0.0192,0.2565,-0.0474,-0.3037,0.0327,-0.1256,-0.3037,-0.1034,-0.2731,-0.3037,-0.1629,-0.3027,-0.3037,-0.2324,-0.3967,-0.7522,-0.5489,-0.4774,-0.7522,-0.994,-0.5951,-0.7522,-0.9383,-0.7129,-0.7522,-0.4755,-0.6208,-1.0542,-0.6897,-0.7156,-1.0542,-0.6432,-0.7248,-1.0542,-0.8628,-0.7137,-1.0542,-1.4237,-1.0003,-1.4818,-1.8028,-1.2981,-1.4818,-1.6054,-1.3175,-1.4818,-1.7921,-1.4088,-1.4818,-1.9961,-1.2585,-1.5925,-1.6863,-1.2319,-1.5925,-1.648,-1.1827,-1.5925,-1.7495,-1.1738,-1.5925,-1.9537,-1.2429,-1.5058,-2.0586,-1.4022,-1.5058,-2.0195,-1.4306,-1.5058,-1.9891,-1.4488,-1.5058,-1.9388,-1.4483,-1.3293,-1.8757,-1.5535,-1.3293,-1.8714,-1.3811,-1.3293,-1.6757,-1.2574,-1.3293,-1.3621,-1.2711,-0.9466,-1.2836,-1.2311,-0.9466,-1.2602,-1.0811,-0.9466,-1.2252,-1.1149,-0.9466,-0.9812,-0.8739,-0.4891,-0.7916,-0.6792,-0.4891,-0.5116,-0.628,-0.4891,-0.7001,-0.3857,-0.4891,-0.5554,-0.2209,0.0551,-0.1968,-0.11,0.0551,-0.013,-0.0148,0.0551,0.0347,0.039,0.0551,0.1144,0.1693,0.3601,0.1428,0.1859,0.3601,0.093,0.1809,0.3601,0.124,0.1846,0.3601,0.121,0.1733,0.3152,0.14,0.1883,0.3152,0.1677,0.1424,0.3152,0.1395,0.1018,0.3152,0.0743,0.0228,0.1358,0.0229,0.0209,0.1358,-0.0121,-0.0388,0.1358,-0.0774,-0.1132,0.1358,-0.1446,-0.1519,-0.0884,-0.2108,-0.2231,-0.0884,-0.2764,-0.274,-0.0884,-0.3289,-0.331,-0.0884,-0.3919,-0.4087,-0.2947,-0.4584,-0.4317,-0.2947,-0.5065,-0.4795,-0.2947
2025-04-16,-0.5382,-0.5768,-0.2947,-0.5587,-0.5956,-0.4144,-0.6329,-0.6506,-0.4144,-0.654,-0.7092,-0.4144,-0.6788,-0.7126,-0.4144,-0.706,-0.7538,-0.519,-0.7157,-0.7533,-0.519,-0.7389,-0.7649,-0.519,-0.7337,-0.7714,-0.519,-0.7618,-0.7784,-0.5639,-0.7802,-0.7901,-0.5639,-0.7739,-0.7959,-0.5639,-0.7652,-0.7937,-0.5639,-0.7463,-0.7994,-0.5609,-0.7484,-0.7938,-0.5609,-0.751,-0.7765,-0.5609,-0.7332,-0.7862,-0.5609,-0.6973,-0.7178,-0.513,-0.6889,-0.7171,-0.513,-0.6647,-0.712,-0.513,-0.6352,-0.7062,-0.513,-0.5843,-0.6209,-0.3545,-0.5513,-0.5642,-0.3545,-0.4561,-0.5419,-0.3545,-0.417,-0.4702,-0.3545,-0.3118,-0.3429,-0.0525,-0.2493,-0.2707,-0.0525,-0.2161,-0.2054,-0.0525,-0.1673,-0.1778,-0.0525,-0.0296,0.0007,0.2255,0.0265,0.0409,0.2255,0.1099,0.1039,0.2255,0.0634,0.113,0.2255,0.0637,0.2283,0.2465,-0.1104,0.2447,0.2465,0.099,0.2495,0.2465,0.003,0.218,0.2465,0.1066,0.2089,-0.0077,0.2024,0.2044,-0.0077,-0.1298,0.1452,-0.0077,-0.2385,0.1551,-0.0077,-0.4981,0.0725,-0.2858,-0.0573,-0.0104,-0.2858,-0.0799,0.0587,-0.2858,-0.0261,0.1017,-0.2858,0.311,0.1216,-0.3276,0.2548,0.0264,-0.3276,0.1782,0.1303,-0.3276,0.1786,0.1541,-0.3276,-0.0691,0.1147,-0.4801,0.0465,-0.1543,-0.4801,0.1164,-0.2377,-0.4801,0.1351,-0.2512,-0.4801,0.1332,-0.1703,-0.4801,0.212,-0.0205,-0.4801,0.3782,-0.1039,-0.4801,0.3756,-0.12,-0.4801,0.3946,-0.144,-0.3456,0.4193,-0.046,-0.3456,0.4698,-0.0487,-0.3456,0.4994,-0.0706,-0.3456,0.4892,-0.0065,-0.2409,0.4699,-0.006,-0.2409,0.4558,0.0454,-0.2409,0.4019,-0.0928,-0.2409,0.4023,-0.0379,-0.0944,0.4466,-0.0408,-0.0944,0.4412,0.0087,-0.0944,0.4785,-0.0141,-0.0944,0.5059,0.0476,0.1239,0.4936,0.1036,0.1239,0.5001,0.1406,0.1239,0.5735,0.2575,0.1239,0.6505,0.319,0.6023,0.7121,0.4369,0.6023,0.7849,0.4808,0.6023,0.7872,0.4832,0.6023,0.7679,0.4811,0.7817,0.7824,0.4549,0.7817,0.7862,0.4451,0.7817,0.7499,0.4437,0.7817,0.6766,0.4253,0.5754,0.6556,0.3961,0.5754,0.6281,0.3479,0.5754,0.5769,0.2949,0.5754,0.4858,0.2241,0.3272,0.4507,0.1884,0.3272,0.4179,0.0897,0.3272,0.3597,0.0484,0.3272,0.3118,0.0062,0.0671,0.2284,-0.0696,0.0671,0.1778,-0.0792,0.0671,0.1336,-0.1471,0.0671,0.0504,-0.2141,-0.1482,0.0156,-0.2853,-0.1482,-0.0272,-0.3034,-0.1482
2025-04-17,-0.0496,-0.2863,-0.1482,-0.0977,-0.3545,-0.2439,-0.112,-0.3875,-0.2439,-0.1366,-0.4111,-0.2439,-0.1707,-0.4364,-0.2439,-0.2152,-0.3912,-0.3336,-0.2203,-0.3895,-0.3336,-0.19,-0.4199,-0.3336,-0.2494,-0.4224,-0.3336,-0.3466,-0.384,-0.3844,-0.2413,-0.3692,-0.3844,-0.2611,-0.3854,-0.3844,-0.2864,-0.356,-0.3844,-0.2491,-0.3183,-0.3695,-0.2461,-0.3329,-0.3695,-0.2585,-0.3345,-0.3695,-0.254,-0.2983,-0.3695,-0.2532,-0.3019,-0.3217,-0.2814,-0.2725,-0.3217,-0.2404,-0.2616,-0.3217,-0.1961,-0.2244,-0.3217,0.049,-0.1814,-0.1243,0.0837,-0.1612,-0.1243,0.1568,-0.1142,-0.1243,0.1727,-0.0812,-0.1243,0.2846,0.1027,0.2345,0.3617,0.1789,0.2345,0.5229,0.2177,0.2345,0.56,0.3287,0.2345,0.6496,0.5018,0.6113,0.7411,0.5902,0.6113,0.7864,0.6413,0.6113,0.9584,0.7166,0.6113,0.9651,0.7988,0.7099,0.9982,0.804,0.7099,1.0155,0.7171,0.7099,1.1245,0.616,0.7099,1.1319,0.6362,0.4229,1.1307,0.5707,0.4229,1.1543,0.5381,0.4229,1.1664,0.5906,0.4229,1.2096,0.5562,0.1,1.1938,0.5015,0.1,1.2414,0.5908,0.1,1.3402,0.5204,0.1,1.337,0.6066,0.1777,1.3916,0.608,0.1777,1.4836,0.5406,0.1777,1.5252,0.4469,0.1777,1.383,0.3992,-0.226,1.2556,0.0316,-0.226,1.1043,-0.0328,-0.226,0.9725,-0.0349,-0.226,0.9757,-0.0206,-0.4891,0.9726,0.0288,-0.4891,0.9349,-0.0321,-0.4891,0.8653,0.0192,-0.4891,0.7419,-0.0817,-0.6087,0.6122,-0.0603,-0.6087,0.5712,-0.1352,-0.6087,0.5741,0.0234,-0.6087,0.5244,-0.0409,-0.7223,0.4819,-0.0796,-0.7223,0.5037,-0.1899,-0.7223,0.5867,-0.1152,-0.7223,0.787,-0.0909,-0.5818,0.8573,-0.1591,-0.5818,0.8511,-0.15,-0.5818,0.86,-0.0775,-0.5818,0.8804,-0.0541,-0.1931,0.8886,-0.0074,-0.1931,0.9396,0.0224,-0.1931,0.9452,0.2723,-0.1931,0.9933,0.3875,0.4677,1.0052,0.4586,0.4677,1.0275,0.4945,0.4677,1.0108,0.5202,0.4677,0.9827,0.514,0.7847,0.9967,0.5704,0.7847,0.9608,0.6095,0.7847,0.9844,0.6401,0.7847,0.9715,0.6269,0.6472,0.928,0.5928,0.6472,0.9393,0.5746,0.6472,0.8684,0.5208,0.6472,0.8035,0.4753,0.4259,0.7274,0.4227,0.4259,0.678,0.3807,0.4259,0.598,0.3184,0.4259,0.5409,0.244,0.1388,0.4591,0.1661,0.1388,0.421,0.1449,0.1388,0.3367,0.0984,0.1388,0.272,0.0016,-0.1034,0.2295,-0.0432,-0.1034,0.1892,-0.0708,-0.1034
2025-04-18,0.1501,-0.0583,-0.1034,0.1101,-0.0782,-0.217,0.0572,-0.1083,-0.217,0.0178,-0.1242,-0.217,0.0206,-0.1478,-0.217,-0.0091,-0.1426,-0.3067,-0.061,-0.137,-0.3067,-0.0353,-0.1451,-0.3067,-0.0519,-0.1728,-0.3067,-0.0648,-0.2011,-0.2947,-0.0731,-0.2204,-0.2947,-0.0634,-0.171,-0.2947,-0.0549,-0.1373,-0.2947,-0.0892,-0.1489,-0.2798,-0.0801,-0.1429,-0.2798,-0.0914,-0.1405,-0.2798,-0.084,-0.1384,-0.2798,-0.0571,-0.0686,-0.226,-0.0363,-0.0942,-0.226,-0.019,-0.0781,-0.226,0.005,-0.0494,-0.226,0.0478,0.0141,-0.0436,0.0551,0.0673,-0.0436,0.1025,0.1085,-0.0436,0.1541,0.11,-0.0436,0.2223,0.1687,0.2226,0.2462,0.2262,0.2226,0.2765,0.2309,0.2226,0.3126,0.3114,0.2226,0.4014,0.4342,0.4408,0.4716,0.521,0.4408,0.5858,0.5322,0.4408,0.6525,0.5237,0.4408,0.7153,0.5565,0.2734,0.7819,0.4453,0.2734,0.8363,0.3511,0.2734,0.8499,0.2051,0.2734,0.9119,0.0022,-0.208,1.0126,-0.129,-0.208,0.9728,-0.3768,-0.208,0.9305,-0.5468,-0.208,0.898,-0.6331,-0.7403,0.841,-0.7838,-0.7403,0.7131,-0.7762,-0.7403,0.6589,-0.9566,-0.7403,0.6012,-1.0243,-1.1021,0.5846,-1.0841,-1.1021,0.6005,-0.9412,-1.1021,0.5597,-1.0209,-1.1021,0.4676,-1.3534,-1.6194,0.3944,-1.4239,-1.6194,0.243,-1.41,-1.6194,0.1806,-1.5339,-1.6194,0.1301,-1.5064,-1.7091,0.0594,-1.4362,-1.7091,-0.0011,-1.3464,-1.7091,-0.0813,-1.3927,-1.7091,-0.1725,-1.4261,-1.7061,-0.2836,-1.3225,-1.7061,-0.3543,-1.3682,-1.7061,-0.4522,-1.2255,-1.7061,-0.4893,-1.2401,-1.4699,-0.5502,-1.1892,-1.4699,-0.6013,-1.2347,-1.4699,-0.6166,-1.2145,-1.4699,-0.6135,-1.1529,-1.1828,-0.6184,-1.1076,-1.1828,-0.5795,-1.103,-1.1828,-0.5302,-1.0015,-1.1828,-0.4719,-0.8222,-0.7911,-0.3857,-0.7447,-0.7911,-0.3154,-0.5686,-0.7911,-0.172,-0.5574,-0.7911,-0.0475,-0.3137,0.0402,0.0907,-0.1135,0.0402,0.2036,-0.0263,0.0402,0.3508,0.0719,0.0402,0.5029,0.2249,0.4707,0.6361,0.2831,0.4707,0.6719,0.3439,0.4707,0.6755,0.4309,0.4707,0.6729,0.4132,0.5036,0.6572,0.4558,0.5036,0.6672,0.4209,0.5036,0.669,0.3472,0.5036,0.6327,0.3133,0.381,0.5644,0.2486,0.381,0.4888,0.1991,0.381,0.456,0.1357,0.381,0.3867,0.0792,0.1598,0.3685,0.0274,0.1598,0.3108,0.0197,0.1598,0.2528,-0.0254,0.1598,0.1854,-0.0883,-0.0167,0.1474,-0.1377,-0.0167,0.1009,-0.1761,-0.0167
2025-04-19,0.047,0.0836,-0.0167,0.0598,0.0763,-0.208,0.0026,0.0102,-0.208,-0.0307,-0.0004,-0.208,-0.0634,-0.0504,-0.208,-0.0647,-0.088,-0.2888,-0.1045,-0.1034,-0.2888,-0.1413,-0.0925,-0.2888,-0.1415,-0.1181,-0.2888,-0.1634,-0.1441,-0.3725,-0.1541,-0.1619,-0.3725,-0.1784,-0.1666,-0.3725,-0.182,-0.1668,-0.3725,-0.1514,-0.1507,-0.3426,-0.1745,-0.1432,-0.3426,-0.1667,-0.1242,-0.3426,-0.1602,-0.168,-0.3426,-0.1454,-0.1509,-0.2918,-0.1324,-0.1398,-0.2918,-0.0981,-0.1424,-0.2918,-0.1034,-0.1071,-0.2918,-0.0483,-0.0492,-0.1482,-0.0285,-0.0224,-0.1482,-0.0137,0.002,-0.1482,0.0314,0.0259,-0.1482,0.0594,0.0066,-0.0585,0.0661,-0.0225,-0.0585,0.0519,-0.0532,-0.0585,0.0051,-0.1165,-0.0585,0.0233,-0.0367,-0.0974,0.0499,-0.1021,-0.0974,0.0405,-0.0146,-0.0974,0.0248,-0.1011,-0.0974,-0.0278,-0.1467,-0.3187,-0.0954,-0.1983,-0.3187,-0.1738,-0.2294,-0.3187,-0.1987,-0.3131,-0.3187,-0.0662,-0.4427,-0.7672,-0.0377,-0.5355,-0.7672,-0.115,-0.7095,-0.7672,-0.2364,-0.8589,-0.7672,-0.3714,-0.8581,-1.2247,-0.5971,-0.9283,-1.2247,-0.6731,-1.0744,-1.2247,-0.779,-1.1858,-1.2247,-0.8996,-1.2188,-1.5566,-0.9511,-1.3655,-1.5566,-0.9808,-1.2964,-1.5566,-1.0166,-1.2707,-1.5566,-1.1124,-1.2338,-1.8317,-1.2028,-1.3068,-1.8317,-1.326,-1.2689,-1.8317,-1.3531,-1.2243,-1.8317,-1.3626,-1.2366,-1.9034,-1.4707,-1.3124,-1.9034,-1.4195,-1.361,-1.9034,-1.5047,-1.4365,-1.9034,-1.6481,-1.3774,-1.9005,-1.728,-1.4993,-1.9005,-1.7618,-1.4425,-1.9005,-1.7224,-1.4539,-1.9005,-1.4742,-1.3457,-1.7151,-1.2877,-1.4031,-1.7151,-1.5638,-1.3756,-1.7151,-1.5883,-1.2495,-1.7151,-1.5074,-1.2295,-1.4519,-1.2313,-1.1512,-1.4519,-1.2049,-0.9135,-1.4519,-1.1117,-0.7587,-1.4519,-0.9602,-0.6852,-1.0632,-1.0265,-0.4506,-1.0632,-1.0382,-0.4078,-1.0632,-0.8748,-0.2836,-1.0632,-0.6507,-0.1146,-0.2768,-0.4747,-0.0558,-0.2768,-0.2445,-0.0048,-0.2768,-0.0657,0.0724,-0.2768,0.1075,0.1061,0.1478,0.2241,0.2535,0.1478,0.3067,0.2647,0.1478,0.3278,0.3319,0.1478,0.3339,0.3111,0.2315,0.3466,0.3428,0.2315,0.318,0.3301,0.2315,0.311,0.2495,0.2315,0.272,0.2347,0.085,0.2461,0.197,0.085,0.1641,0.1449,0.085,0.1614,0.1319,0.085,0.1082,0.1113,-0.1064,0.0832,0.1077,-0.1064,0.0087,0.09,-0.1064,-0.0319,0.0278,-0.1064,-0.0974,-0.0364,-0.2858,-0.137,-0.0646,-0.2858,-0.1846,-0.1438,-0.2858
2025-04-20,-0.234,-0.1404,-0.2858,-0.2634,-0.2053,-0.4891,-0.2794,-0.2341,-0.4891,-0.3468,-0.2637,-0.4891,-0.3722,-0.2806,-0.4891,-0.404,-0.304,-0.5938,-0.4134,-0.3532,-0.5938,-0.4348,-0.344,-0.5938,-0.4696,-0.3774,-0.5938,-0.4684,-0.3364,-0.6356,-0.4942,-0.3909,-0.6356,-0.4757,-0.3496,-0.6356,-0.4519,-0.3821,-0.6356,-0.4633,-0.3562,-0.6296,-0.4547,-0.353,-0.6296,-0.4681,-0.3338,-0.6296,-0.441,-0.3253,-0.6296,-0.4172,-0.3291,-0.5848,-0.4178,-0.2728,-0.5848,-0.3787,-0.2523,-0.5848,-0.3752,-0.2371,-0.5848,-0.3245,-0.1857,-0.4742,-0.3406,-0.1671,-0.4742,-0.3167,-0.1362,-0.4742,-0.2864,-0.115,-0.4742,-0.2914,-0.0671,-0.3785,-0.2936,-0.0786,-0.3785,-0.3034,-0.144,-0.3785,-0.3587,-0.2021,-0.3785,-0.3968,-0.1492,-0.2918,-0.5057,-0.2345,-0.2918,-0.4983,-0.1889,-0.2918,-0.4729,-0.2046,-0.2918,-0.4251,-0.179,-0.3695,-0.4254,-0.1562,-0.3695,-0.4816,-0.1546,-0.3695,-0.5892,-0.1825,-0.3695,-0.4399,-0.1903,-0.6685,-0.2086,-0.197,-0.6685,-0.8524,-0.1973,-0.6685,-1.0165,-0.2659,-0.6685,-0.7782,-0.2161,-0.8898,-0.3047,-0.4748,-0.8898,-0.0583,-0.5557,-0.8898,-0.1413,-0.5944,-0.8898,-0.1085,-0.654,-1.0812,-0.0646,-0.6891,-1.0812,-0.0793,-0.5141,-1.0812,-0.3527,-0.6069,-1.0812,-0.8396,-0.7202,-1.422,-1.0112,-0.791,-1.422,-1.3228,-0.8661,-1.422,-1.707,-0.8582,-1.422,-2.1196,-0.9538,-1.5147,-2.2277,-0.9242,-1.5147,-2.1156,-0.9053,-1.5147,-2.2401,-0.8837,-1.5147,-2.256,-1.05,-1.6583,-2.1742,-1.1341,-1.6583,-2.1504,-1.0733,-1.6583,-2.1898,-1.1598,-1.6583,-2.1826,-1.2346,-1.6433,-2.3013,-1.257,-1.6433,-2.32,-1.1082,-1.6433,-2.204,-1.2411,-1.6433,-2.2035,-1.3317,-1.3712,-2.0774,-1.2418,-1.3712,-1.9576,-1.2012,-1.3712,-1.7391,-1.1281,-1.3712,-1.3895,-0.9728,-0.8808,-1.4416,-0.8165,-0.8808,-1.0621,-0.6841,-0.8808,-0.9891,-0.6389,-0.8808,-0.813,-0.3705,-0.2409,-0.5786,-0.2288,-0.2409,-0.4429,-0.1303,-0.2409,-0.3407,0.0175,-0.2409,-0.2528,0.1374,0.1029,-0.1001,0.1768,0.1029,-0.0469,0.2264,0.1029,0.0001,0.3211,0.1029,0.0639,0.3215,0.1598,0.1216,0.4099,0.1598,0.1078,0.3723,0.1598,0.1614,0.3529,0.1598,0.1021,0.2855,0.0312,0.0956,0.2327,0.0312,0.0839,0.2139,0.0312,0.0372,0.1604,0.0312,0.0175,0.1084,-0.1422,-0.0306,0.0628,-0.1422,-0.0898,0.0569,-0.1422,-0.1255,0.0029,-0.1422,-0.1948,-0.1021,-0.3306,-0.2374,-0.1038,-0.3306,-0.2859,-0.1763,-0.3306
2025-04-21,-0.3099,-0.2694,-0.3306,-0.3388,-0.3046,-0.4353,-0.3978,-0.3383,-0.4353,-0.4146,-0.3674,-0.4353,-0.4408,-0.3619,-0.4353,-0.4688,-0.4012,-0.5429,-0.4746,-0.4417,-0.5429,-0.526,-0.4104,-0.5429,-0.4891,-0.4056,-0.5429,-0.4906,-0.4201,-0.525,-0.4884,-0.4149,-0.525,-0.47,-0.3895,-0.525,-0.4492,-0.4173,-0.525,-0.4492,-0.4095,-0.4712,-0.4379,-0.3739,-0.4712,-0.4393,-0.3648,-0.4712,-0.3793,-0.3536,-0.4712,-0.3804,-0.3551,-0.3964,-0.3494,-0.3354,-0.3964,-0.3267,-0.3114,-0.3964,-0.3341,-0.2655,-0.3964,-0.2568,-0.244,-0.2738,-0.2289,-0.2068,-0.2738,-0.1885,-0.1352,-0.2738,-0.1312,-0.1007,-0.2738,-0.0919,-0.0495,-0.217,-0.106,0.0688,-0.217,-0.0992,0.0809,-0.217,-0.0944,0.1125,-0.217,-0.0322,0.1849,-0.3246,-0.0014,0.2163,-0.3246,-0.0206,0.1637,-0.3246,-0.2537,0.1738,-0.3246,-0.3804,0.1192,-0.5728,-0.5676,-0.009,-0.5728,-0.7187,-0.1096,-0.5728,-0.6515,-0.2761,-0.5728,-0.5942,-0.2369,-0.8449,-0.911,-0.4237,-0.8449,-0.9633,-0.6475,-0.8449,-1.0613,-0.8082,-0.8449,-1.0204,-0.8832,-1.1918,-1.2269,-1.0667,-1.1918,-1.3133,-1.1624,-1.1918,-1.1285,-1.2251,-1.1918,-0.9732,-1.1562,-1.4788,-0.8456,-1.2565,-1.4788,-0.8813,-1.16,-1.4788,-0.7817,-1.321,-1.4788,-0.8251,-1.4418,-1.6702,-0.7654,-1.5309,-1.6702,-0.7477,-1.468,-1.6702,-0.9599,-1.4264,-1.6702,-1.0285,-1.6246,-1.742,-1.1518,-1.6512,-1.742,-1.3243,-1.5573,-1.742,-1.4716,-1.5641,-1.742,-1.4766,-1.5433,-1.7569,-1.2646,-1.5376,-1.7569,-1.0461,-1.5756,-1.7569,-1.2046,-1.6077,-1.7569,-1.37,-1.5275,-1.6612,-1.7461,-1.378,-1.6612,-1.8898,-1.2183,-1.6612,-1.7839,-1.1401,-1.6612,-1.6436,-1.2487,-1.3144,-1.5981,-1.1933,-1.3144,-1.4511,-1.1973,-1.3144,-1.3478,-1.0685,-1.3144,-1.3058,-0.9075,-0.8988,-1.1378,-0.7537,-0.8988,-0.9527,-0.6254,-0.8988,-0.7348,-0.4815,-0.8988,-0.5261,-0.2654,-0.3486,-0.3602,-0.0906,-0.3486,-0.1796,0.0225,-0.3486,-0.0875,0.1011,-0.3486,-0.0404,0.2473,0.0431,0.0533,0.2422,0.0431,0.0813,0.3314,0.0431,0.0918,0.2797,0.0431,0.0861,0.3246,0.1239,0.1037,0.374,0.1239,0.1037,0.3429,0.1239,0.1037,0.359,0.1239,0.0623,0.2579,0.0521,0.0217,0.2503,0.0521,-0.012,0.1885,0.0521,-0.0462,0.1145,0.0521,-0.1098,0.0819,-0.1094,-0.1405,0.0701,-0.1094,-0.1925,-0.0034,-0.1094,-0.2406,-0.0512,-0.1094,-0.314,-0.1319,-0.2768,-0.3293,-0.1502,-0.2768,-0.3871,-0.2327,-0.2768
2025-04-22,-0.4161,-0.2951,-0.2768,-0.4378,-0.3279,-0.3725,-0.4768,-0.3303,-0.3725,-0.4934,-0.3909,-0.3725,-0.5396,-0.3964,-0.3725,-0.5436,-0.4176,-0.4562,-0.5724,-0.4638,-0.4562,-0.5995,-0.4509,-0.4562,-0.5958,-0.4615,-0.4562,-0.601,-0.4425,-0.4114,-0.5947,-0.4306,-0.4114,-0.6077,-0.4197,-0.4114,-0.6201,-0.4509,-0.4114,-0.5844,-0.423,-0.4114,-0.6149,-0.4381,-0.4114,-0.6118,-0.4217,-0.4114,-0.629,-0.4099,-0.4114,-0.5761,-0.418,-0.3246,-0.5413,-0.4188,-0.3246,-0.501,-0.3586,-0.3246,-0.4557,-0.3364,-0.3246,-0.3856,-0.2983,-0.1333,-0.3373,-0.3006,-0.1333,-0.2887,-0.2168,-0.1333,-0.1893,-0.1778,-0.1333,-0.1168,-0.104,0.091,-0.1131,-0.0231,0.091,-0.0565,0.0086,0.091,-0.0495,0.0415,0.091,0.0304,0.1439,0.2046,0.0014,0.166,0.2046,-0.0252,0.1607,0.2046,-0.0821,0.1368,0.2046,-0.184,0.0905,-0.0765,-0.2861,-0.0693,-0.0765,-0.3422,-0.183,-0.0765,-0.4218,-0.3753,-0.0765,-0.5895,-0.464,-0.5788,-0.7653,-0.5364,-0.5788,-0.9113,-0.6461,-0.5788,-1.0811,-0.8897,-0.5788,-1.239,-0.9882,-1.0184,-1.4202,-1.0901,-1.0184,-1.5198,-1.2459,-1.0184,-1.6057,-1.3203,-1.0184,-1.6206,-1.3587,-1.2606,-1.6171,-1.3319,-1.2606,-1.7183,-1.2552,-1.2606,-1.8682,-1.3687,-1.2606,-1.9886,-1.554,-1.733,-2.0876,-1.5605,-1.733,-2.1954,-1.5881,-1.733,-2.2099,-1.5642,-1.733,-2.1871,-1.577,-1.739,-2.2324,-1.6124,-1.739,-2.2551,-1.6557,-1.739,-2.2206,-1.6641,-1.739,-2.2131,-1.7032,-1.6403,-2.2346,-1.694,-1.6403,-1.6973,-1.7791,-1.6403,-1.8818,-1.728,-1.6403,-1.9534,-1.6433,-1.4729,-2.0053,-1.6832,-1.4729,-1.9618,-1.5691,-1.4729,-1.7865,-1.4236,-1.4729,-1.5992,-1.4405,-1.1649,-1.6741,-1.3849,-1.1649,-1.5061,-1.3763,-1.1649,-1.5609,-1.3232,-1.1649,-1.4814,-1.159,-0.6745,-1.3577,-0.9854,-0.6745,-1.2158,-0.8754,-0.6745,-1.0238,-0.6789,-0.6745,-0.791,-0.4334,-0.1243,-0.5322,-0.2517,-0.1243,-0.349,-0.1048,-0.1243,-0.2965,-0.0614,-0.1243,-0.1857,0.0611,0.2255,-0.0243,0.1366,0.2255,0.0016,0.2111,0.2255,0.0213,0.2202,0.2255,0.0438,0.2637,0.2554,0.0796,0.3198,0.2554,0.0987,0.3187,0.2554,0.1153,0.2826,0.2554,0.0606,0.2123,0.1747,0.0156,0.2107,0.1747,-0.0545,0.1655,0.1747,-0.112,0.1066,0.1747,-0.1722,0.0534,-0.0286,-0.2388,-0.0039,-0.0286,-0.2945,-0.128,-0.0286,-0.3066,-0.1286,-0.0286,-0.3855,-0.2142,-0.2409,-0.4595,-0.2593,-0.2409,-0.4873,-0.3095,-0.2409
2025-04-23,-0.5156,-0.4036,-0.2409,-0.5175,-0.4331,-0.4413,-0.5567,-0.4732,-0.4413,-0.582,-0.5101,-0.4413,-0.6113,-0.5066,-0.4413,-0.6073,-0.5417,-0.531,-0.6396,-0.5712,-0.531,-0.6399,-0.5682,-0.531,-0.6565,-0.5926,-0.531,-0.6813,-0.5615,-0.5609,-0.6695,-0.587,-0.5609,-0.675,-0.5818,-0.5609,-0.6773,-0.5603,-0.5609,-0.65,-0.5529,-0.4712,-0.6742,-0.5336,-0.4712,-0.6315,-0.5125,-0.4712,-0.6577,-0.533,-0.4712,-0.6197,-0.5156,-0.4114,-0.5803,-0.491,-0.4114,-0.5459,-0.4464,-0.4114,-0.5077,-0.4365,-0.4114,-0.4738,-0.3428,-0.232,-0.4327,-0.3518,-0.232,-0.3712,-0.314,-0.232,-0.3074,-0.238,-0.232,-0.1631,-0.1364,0.0372,-0.144,-0.0805,0.0372,-0.1114,-0.0306,0.0372,-0.0932,0.0489,0.0372,-0.0381,0.117,0.1568,-0.0612,0.2194,0.1568,-0.1178,0.2832,0.1568,-0.1759,0.3406,0.1568,-0.1818,0.3766,0.0073,-0.3006,0.2245,0.0073,-0.4001,0.2029,0.0073,-0.5857,0.122,0.0073,-0.8066,0.0737,-0.3516,-0.9343,0.0465,-0.3516,-1.0695,0.0571,-0.3516,-1.1826,-0.2011,-0.3516,-1.294,-0.2723,-0.8001,-1.4492,-0.3475,-0.8001,-1.5455,-0.4655,-0.8001,-1.7017,-0.4825,-0.8001,-1.7816,-0.5077,-1.1589,-1.8459,-0.4644,-1.1589,-1.8018,-0.4416,-1.1589,-1.8586,-0.4056,-1.1589,-2.0356,-0.5898,-1.428,-2.2306,-0.8449,-1.428,-2.3005,-0.8737,-1.428,-2.3515,-0.9288,-1.428,-2.3437,-0.9989,-1.5476,-2.3339,-0.7699,-1.5476,-2.3526,-0.7778,-1.5476,-2.2705,-0.8224,-1.5476,-1.9013,-0.9416,-1.4579,-1.7603,-0.8256,-1.4579,-1.3899,-0.6915,-1.4579,-1.4173,-0.4645,-1.4579,-1.6527,-0.4298,-1.0991,-1.9125,-0.4454,-1.0991,-1.5445,-0.4089,-1.0991,-0.8386,-0.3133,-1.0991,-0.9248,-0.2664,-0.6506,-0.6596,-0.2108,-0.6506,-0.5516,-0.2052,-0.6506,-0.3201,-0.1854,-0.6506,-0.1215,-0.14,-0.1422,0.0378,-0.0919,-0.1422,0.1024,-0.0326,-0.1422,0.1605,0.1573,-0.1422,0.2069,0.257,0.2465,0.2716,0.3872,0.2465,0.263,0.4509,0.2465,0.2828,0.5015,0.2465,0.3116,0.528,0.4558,0.3433,0.487,0.4558,0.2974,0.5119,0.4558,0.2773,0.4818,0.4558,0.2465,0.4351,0.3661,0.2061,0.4399,0.3661,0.1981,0.3882,0.3661,0.1367,0.3747,0.3661,0.0737,0.3176,0.2465,0.0185,0.2411,0.2465,-0.049,0.2091,0.2465,-0.0728,0.1195,0.2465,-0.1544,0.0853,0.0671,-0.1678,0.014,0.0671,-0.2341,-0.0807,0.0671,-0.2558,-0.0954,0.0671,-0.335,-0.1822,-0.1123,-0.3976,-0.2042,-0.1123,-0.4325,-0.2944,-0.1123
2025-04-24,-0.488,-0.3674,-0.1123,-0.5006,-0.3717,-0.531,-0.5421,-0.4305,-0.531,-0.5848,-0.476,-0.531,-0.6053,-0.4734,-0.531,-0.6273,-0.5069,-0.5908,-0.6242,-0.5029,-0.5908,-0.6135,-0.5016,-0.5908,-0.6381,-0.5229,-0.5908,-0.6457,-0.4694,-0.6207,-0.6502,-0.5006,-0.6207,-0.6408,-0.5085,-0.6207,-0.6526,-0.4724,-0.6207,-0.6136,-0.4681,-0.5908,-0.6073,-0.4539,-0.5908,-0.595,-0.4356,-0.5908,-0.5516,-0.449,-0.5908,-0.5497,-0.4213,-0.5011,-0.5092,-0.389,-0.5011,-0.4671,-0.341,-0.5011,-0.4564,-0.3425,-0.5011,-0.3844,-0.2391,-0.2619,-0.3418,-0.2321,-0.2619,-0.309,-0.1935,-0.2619,-0.2271,-0.1408,-0.2619,-0.1182,0.0125,-0.0226,-0.1048,0.0771,-0.0226,-0.0417,0.1422,-0.0226,-0.0362,0.1666,-0.0226,-0.0112,0.2959,0.0671,-0.0242,0.375,0.0671,-0.0179,0.4711,0.0671,0.0161,0.4949,0.0671,0.0086,0.4944,-0.202,-0.0234,0.3866,-0.202,-0.0317,0.2122,-0.202,-0.0786,0.2188,-0.202,-0.1806,0.0407,-0.5609,-0.3735,-0.013,-0.5609,-0.6951,-0.2347,-0.5609,-1.016,-0.4359,-0.5609,-1.1964,-0.5981,-1.0692,-1.3487,-0.7005,-1.0692,-1.5969,-0.9337,-1.0692,-1.7184,-0.8356,-1.0692,-1.8449,-0.6829,-1.3682,-1.8013,-0.9382,-1.3682,-1.737,-1.0229,-1.3682,-1.7974,-1.1214,-1.3682,-1.6996,-1.3211,-1.727,-1.4948,-1.3949,-1.727,-1.3091,-1.4038,-1.727,-1.1159,-1.3125,-1.727,-1.156,-1.4423,-1.7569,-1.2518,-1.229,-1.7569,-1.3505,-1.2597,-1.7569,-1.3318,-1.2462,-1.7569,-1.2332,-1.2542,-1.6373,-1.0125,-1.2842,-1.6373,-1.0739,-1.108,-1.6373,-1.2448,-0.9948,-1.6373,-1.4342,-1.1049,-1.4579,-1.3183,-1.3583,-1.4579,-1.2889,-1.269,-1.4579,-1.1542,-1.0589,-1.4579,-1.0772,-1.1365,-1.0393,-0.9929,-0.9992,-1.0393,-0.9282,-0.9439,-1.0393,-0.8452,-1.0121,-1.0393,-0.7574,-0.9165,-0.7403,-0.6878,-0.7786,-0.7403,-0.6175,-0.5391,-0.7403,-0.5024,-0.4782,-0.7403,-0.3311,-0.2767,-0.202,-0.175,-0.1898,-0.202,-0.0682,0.0546,-0.202,-0.0194,0.0872,-0.202,0.0896,0.2512,0.0372,0.1802,0.2767,0.0372,0.209,0.3926,0.0372,0.2304,0.3961,0.0372,0.2476,0.4564,0.1568,0.2228,0.4806,0.1568,0.2108,0.4064,0.1568,0.1863,0.409,0.1568,0.1196,0.3386,0.0372,0.0569,0.2812,0.0372,0.0184,0.2657,0.0372,-0.0619,0.167,0.0372,-0.1047,0.081,-0.202,-0.1065,0.0323,-0.202,-0.2039,-0.0045,-0.202,-0.2311,-0.0548,-0.202,-0.345,-0.1322,-0.3815,-0.3616,-0.1962,-0.3815,-0.4361,-0.2512,-0.3815
2025-04-25,-0.4496,-0.3377,-0.3815,-0.4746,-0.3609,-0.5609,-0.485,-0.4228,-0.5609,-0.5262,-0.4415,-0.5609,-0.581,-0.4674,-0.5609,-0.5754,-0.5028,-0.6207,-0.6036,-0.4783,-0.6207,-0.639,-0.4898,-0.6207,-0.5981,-0.5206,-0.6207,-0.6095,-0.4884,-0.6506,-0.6192,-0.5103,-0.6506,-0.6099,-0.5129,-0.6506,-0.6487,-0.5146,-0.6506,-0.6006,-0.5,-0.5908,-0.6028,-0.4898,-0.5908,-0.6146,-0.4916,-0.5908,-0.5789,-0.4806,-0.5908,-0.5649,-0.4508,-0.4712,-0.5516,-0.4145,-0.4712,-0.527,-0.3809,-0.4712,-0.496,-0.3635,-0.4712,-0.4425,-0.2802,-0.2918,-0.3996,-0.2677,-0.2918,-0.3431,-0.1916,-0.2918,-0.2605,-0.1545,-0.2918,-0.1624,-0.0188,-0.0525,-0.1487,0.0228,-0.0525,-0.101,0.0897,-0.0525,-0.0871,0.1478,-0.0525,-0.0013,0.2554,-0.0226,0.0221,0.3441,-0.0226,0.0118,0.3648,-0.0226,-0.0088,0.3451,-0.0226,-0.0551,0.3218,-0.0824,-0.0656,0.2079,-0.0824,-0.1344,0.0703,-0.0824,-0.1484,0.0254,-0.0824,-0.1487,-0.007,-0.7104,-0.2049,-0.1819,-0.7104,-0.4479,-0.276,-0.7104,-0.7202,-0.4868,-0.7104,-0.6921,-0.4769,-1.2486,-0.6519,-0.602,-1.2486,-0.8265,-0.6826,-1.2486,-1.1153,-0.7983,-1.2486,-1.2836,-0.8633,-1.5476,-1.064,-1.0709,-1.5476,-0.9156,-1.0423,-1.5476,-0.8406,-1.0641,-1.5476,-0.8299,-1.2904,-1.8167,-1.1444,-1.3691,-1.8167,-1.3261,-1.5738,-1.8167,-1.5653,-1.6507,-1.8167,-1.7937,-1.6646,-1.9363,-1.9218,-1.6306,-1.9363,-2.0294,-1.5071,-1.9363,-2.2396,-1.6108,-1.9363,-1.8874,-1.4815,-1.9363,-2.0242,-1.5409,-1.9363,-1.9769,-1.5224,-1.9363,-1.8539,-1.6271,-1.9363,-1.8476,-1.6683,-1.7569,-1.8796,-1.6818,-1.7569,-1.8764,-1.6402,-1.7569,-1.7725,-1.5254,-1.7569,-1.7435,-1.5738,-1.4579,-1.6817,-1.4835,-1.4579,-1.6759,-1.404,-1.4579,-1.4664,-1.3654,-1.4579,-1.4307,-1.1836,-0.8898,-1.3785,-1.0155,-0.8898,-1.2602,-0.853,-0.8898,-1.0696,-0.7862,-0.8898,-0.885,-0.5398,-0.3217,-0.775,-0.3813,-0.3217,-0.5725,-0.1836,-0.3217,-0.3816,-0.1118,-0.3217,-0.1582,0.0677,0.0372,-0.0284,0.1903,0.0372,0.0878,0.2318,0.0372,0.1264,0.2808,0.0372,0.1829,0.3071,0.1269,0.1738,0.357,0.1269,0.1382,0.3133,0.1269,0.1344,0.3199,0.1269,0.1235,0.2696,0.0073,0.0718,0.2371,0.0073,0.032,0.1669,0.0073,-0.0009,0.113,0.0073,-0.0877,0.0421,-0.232,-0.1173,-0.0076,-0.232,-0.1778,-0.0848,-0.232,-0.2267,-0.1126,-0.232,-0.2865,-0.1577,-0.3516,-0.3076,-0.2571,-0.3516,-0.3654,-0.2781,-0.3516
2025-04-26,-0.3823,-0.3368,-0.3516,-0.3869,-0.3279,-0.5609,-0.4232,-0.3757,-0.5609,-0.4857,-0.4261,-0.5609,-0.5114,-0.4501,-0.5609,-0.5245,-0.4672,-0.6207,-0.535,-0.4805,-0.6207,-0.5624,-0.4852,-0.6207,-0.5468,-0.5009,-0.6207,-0.5723,-0.5072,-0.6506,-0.5794,-0.5144,-0.6506,-0.551,-0.5445,-0.6506,-0.5916,-0.5647,-0.6506,-0.5519,-0.5054,-0.5908,-0.5528,-0.5105,-0.5908,-0.567,-0.4993,-0.5908,-0.5409,-0.5194,-0.5908,-0.5271,-0.5096,-0.4712,-0.5034,-0.4719,-0.4712,-0.3668,-0.4344,-0.4712,-0.3832,-0.4348,-0.4712,-0.3215,-0.3621,-0.2918,-0.3122,-0.3678,-0.2918,-0.2784,-0.2906,-0.2918,-0.2333,-0.2876,-0.2918,-0.1909,-0.2043,-0.2918,-0.2011,-0.1773,-0.2918,-0.2094,-0.1422,-0.2918,-0.2165,-0.1562,-0.2918,-0.259,-0.1521,-0.4114,-0.3491,-0.2258,-0.4114,-0.4267,-0.2037,-0.4114,-0.5233,-0.2308,-0.4114,-0.6196,-0.2502,-0.7403,-0.7246,-0.3818,-0.7403,-0.8216,-0.4511,-0.7403,-0.9516,-0.6226,-0.7403,-1.0712,-0.6348,-1.1589,-1.2305,-0.7776,-1.1589,-1.3549,-1.0171,-1.1589,-1.482,-1.1402,-1.1589,-1.6085,-1.2895,-1.6373,-1.7657,-1.3579,-1.6373,-1.8644,-1.4931,-1.6373,-1.9759,-1.6046,-1.6373,-2.0702,-1.6789,-1.8466,-2.1453,-1.7163,-1.8466,-2.1705,-1.7202,-1.8466,-2.199,-1.6982,-1.8466,-2.291,-1.8302,-2.0858,-2.3619,-1.8692,-2.0858,-2.4438,-1.9082,-2.0858,-2.5196,-2.03,-2.0858,-2.5763,-1.9837,-2.2054,-2.5552,-1.9951,-2.2054,-2.5774,-2.015,-2.2054,-2.5659,-1.9886,-2.2054,-2.592,-2.0092,-2.2354,-2.6255,-1.9803,-2.2354,-2.5949,-2.069,-2.2354,-2.6138,-2.0484,-2.2354,-2.5852,-2.0178,-2.026,-2.5171,-2.0083,-2.026,-2.4529,-1.9108,-2.026,-2.3788,-1.8064,-2.026,-2.3054,-1.7596,-1.7868,-2.1015,-1.7738,-1.7868,-1.9962,-1.6855,-1.7868,-1.9159,-1.5623,-1.7868,-1.6677,-1.4535,-1.2486,-1.4379,-1.2535,-1.2486,-1.2137,-1.1025,-1.2486,-1.0069,-1.0347,-1.2486,-0.9829,-0.8185,-0.5609,-0.9354,-0.6238,-0.5609,-0.7792,-0.4085,-0.5609,-0.5352,-0.3226,-0.5609,-0.3372,-0.2327,-0.0824,-0.2912,-0.1396,-0.0824,-0.207,-0.0782,-0.0824,-0.1781,-0.0439,-0.0824,-0.1257,0.0137,0.0073,-0.1299,0.0248,0.0073,-0.1642,0.0598,0.0073,-0.1302,0.0629,0.0073,-0.1465,0.0325,-0.0525,-0.1692,-0.0547,-0.0525,-0.2211,-0.0653,-0.0525,-0.2497,-0.1246,-0.0525,-0.2619,-0.163,-0.232,-0.3496,-0.2113,-0.232,-0.367,-0.2935,-0.232,-0.4071,-0.3022,-0.232,-0.4715,-0.3437,-0.3516,-0.4966,-0.413,-0.3516,-0.568,-0.4225,-0.3516
2025-04-27,-0.5785,-0.5566,-0.3516,-0.5941,-0.5609,-0.5609,-0.6352,-0.6134,-0.5609,-0.6533,-0.6354,-0.5609,-0.6857,-0.6584,-0.5609,-0.736,-0.6933,-0.6506,-0.7308,-0.7099,-0.6506,-0.7634,-0.7141,-0.6506,-0.7779,-0.7442,-0.6506,-0.7721,-0.7512,-0.6805,-0.7855,-0.7379,-0.6805,-0.7739,-0.7653,-0.6805,-0.8058,-0.7629,-0.6805,-0.7514,-0.7534,-0.6207,-0.7721,-0.7548,-0.6207,-0.7782,-0.7475,-0.6207,-0.7597,-0.7264,-0.6207,-0.7512,-0.7316,-0.5908,-0.7328,-0.6857,-0.5908,-0.7169,-0.6658,-0.5908,-0.7294,-0.6563,-0.5908,-0.6754,-0.6204,-0.5011,-0.6788,-0.6135,-0.5011,-0.6106,-0.5826,-0.5011,-0.6245,-0.5608,-0.5011,-0.5957,-0.5244,-0.4712,-0.6431,-0.5441,-0.4712,-0.6597,-0.582,-0.4712,-0.7075,-0.6202,-0.4712,-0.6674,-0.6077,-0.6207,-0.7066,-0.6221,-0.6207,-0.7473,-0.6312,-0.6207,-0.8625,-0.6663,-0.6207,-0.9313,-0.6567,-0.8898,-1.037,-0.6705,-0.8898,-1.0905,-0.7242,-0.8898,-1.1361,-0.8328,-0.8898,-1.2438,-0.8565,-1.2187,-1.4686,-0.9247,-1.2187,-1.7211,-1.0806,-1.2187,-1.8991,-1.1974,-1.2187,-2.036,-1.2415,-1.6373,-2.1928,-1.4129,-1.6373,-2.3021,-1.5638,-1.6373,-2.3383,-1.5536,-1.6373,-2.4342,-1.6262,-1.8167,-2.4836,-1.6917,-1.8167,-2.4958,-1.6448,-1.8167,-2.4994,-1.6594,-1.8167,-2.5749,-1.6889,-2.0559,-2.6706,-1.8514,-2.0559,-2.6907,-1.9047,-2.0559,-2.7607,-1.9724,-2.0559,-2.764,-1.9251,-2.0858,-2.5869,-1.916,-2.0858,-2.7093,-1.9511,-2.0858,-2.7294,-1.9703,-2.0858,-2.7511,-1.9832,-2.1157,-2.6387,-2.0027,-2.1157,-2.6963,-2.0426,-2.1157,-2.5628,-1.998,-2.1157,-2.5831,-1.9691,-2.026,-2.5835,-2.0314,-2.026,-2.4221,-1.7963,-2.026,-2.1852,-1.7156,-2.026,-2.1199,-1.5803,-1.6672,-1.9607,-1.5553,-1.6672,-1.5712,-1.5062,-1.6672,-1.2926,-1.3415,-1.6672,-1.072,-1.269,-1.1589,-0.8845,-1.1922,-1.1589,-0.7584,-1.1109,-1.1589,-0.7232,-1.0378,-1.1589,-0.7681,-0.8509,-0.4712,-0.6734,-0.6769,-0.4712,-0.4367,-0.4548,-0.4712,-0.3184,-0.2846,-0.4712,-0.2635,-0.221,-0.1123,-0.2282,-0.1499,-0.1123,-0.2098,-0.0677,-0.1123,-0.2031,-0.0936,-0.1123,-0.2077,-0.0801,-0.0824,-0.169,-0.0113,-0.0824,-0.1687,-0.0283,-0.0824,-0.1847,-0.0826,-0.0824,-0.2208,-0.1272,-0.1422,-0.2619,-0.1613,-0.1422,-0.3044,-0.1673,-0.1422,-0.3661,-0.2537,-0.1422,-0.4081,-0.3161,-0.3516,-0.4549,-0.3841,-0.3516,-0.5095,-0.3916,-0.3516,-0.5566,-0.451,-0.3516,-0.6419,-0.5053,-0.5011,-0.6744,-0.5595,-0.5011,-0.72,-0.5946,-0.5011
2025-04-28,-0.7243,-0.6841,-0.5011,-0.7089,-0.7066,-0.6805,-0.7366,-0.7479,-0.6805,-0.7915,-0.7832,-0.6805,-0.8192,-0.8045,-0.6805,-0.8491,-0.8386,-0.7104,-0.8615,-0.8449,-0.7104,-0.8853,-0.8594,-0.7104,-0.8684,-0.8656,-0.7104,-0.8918,-0.8669,-0.7403,-0.874,-0.8676,-0.7403,-0.8733,-0.8482,-0.7403,-0.8661,-0.8489,-0.7403,-0.8544,-0.8516,-0.6805,-0.8328,-0.8484,-0.6805,-0.8472,-0.8544,-0.6805,-0.8183,-0.8378,-0.6805,-0.8095,-0.8137,-0.6506,-0.7942,-0.8019,-0.6506,-0.7516,-0.7741,-0.6506,-0.7369,-0.7464,-0.6506,-0.6843,-0.6688,-0.5011,-0.6319,-0.6565,-0.5011,-0.5457,-0.5704,-0.5011,-0.4652,-0.5369,-0.5011,-0.3841,-0.4371,-0.232,-0.3459,-0.4261,-0.232,-0.2812,-0.3534,-0.232,-0.2468,-0.349,-0.232,-0.1835,-0.3031,-0.1721,-0.2066,-0.2903,-0.1721,-0.2317,-0.2465,-0.1721,-0.2809,-0.2832,-0.1721,-0.3645,-0.3643,-0.4413,-0.4839,-0.4009,-0.4413,-0.6292,-0.4769,-0.4413,-0.7753,-0.5684,-0.4413,-0.9171,-0.8377,-0.9197,-1.0967,-0.8827,-0.9197,-1.2487,-1.0511,-0.9197,-1.3648,-1.1452,-0.9197,-1.4986,-1.2541,-1.3383,-1.6303,-1.3395,-1.3383,-1.7225,-1.4367,-1.3383,-1.8045,-1.4749,-1.3383,-1.8856,-1.4835,-1.5775,-1.9607,-1.5971,-1.5775,-1.9386,-1.6168,-1.5775,-2.0048,-1.6699,-1.5775,-2.1916,-1.6517,-2.0559,-2.3444,-1.7837,-2.0559,-2.4479,-1.9033,-2.0559,-2.4669,-1.8944,-2.0559,-2.4296,-1.8681,-2.2054,-2.4763,-1.8292,-2.2054,-2.4321,-1.8751,-2.2054,-2.4376,-1.8925,-2.2054,-2.396,-1.8978,-2.2054,-2.3949,-1.8939,-2.2054,-2.2941,-1.8882,-2.2054,-1.9567,-1.8081,-2.2054,-1.7969,-1.8392,-2.026,-1.8265,-1.8142,-2.026,-1.7882,-1.7266,-2.026,-1.6948,-1.7211,-2.026,-1.7997,-1.6631,-1.727,-1.8631,-1.554,-1.727,-1.8217,-1.4127,-1.727,-1.807,-1.2987,-1.727,-1.6983,-1.1634,-1.1888,-1.5866,-1.0525,-1.1888,-1.4529,-0.9662,-1.1888,-1.3311,-0.911,-1.1888,-1.1218,-0.7089,-0.4712,-0.8713,-0.5766,-0.4712,-0.5595,-0.3827,-0.4712,-0.3467,-0.2877,-0.4712,-0.2702,-0.1888,-0.0824,-0.2045,-0.0907,-0.0824,-0.1797,-0.025,-0.0824,-0.1155,-0.0197,-0.0824,-0.0788,-0.0168,-0.0525,-0.0797,-0.0008,-0.0525,-0.1154,-0.0079,-0.0525,-0.0953,-0.0423,-0.0525,-0.1275,-0.0494,-0.1422,-0.1873,-0.0896,-0.1422,-0.2351,-0.1472,-0.1422,-0.2538,-0.2148,-0.1422,-0.3174,-0.2689,-0.3217,-0.4076,-0.3362,-0.3217,-0.4832,-0.3753,-0.3217,-0.5522,-0.4399,-0.3217,-0.5874,-0.5013,-0.5011,-0.6355,-0.5456,-0.5011,-0.6733,-0.5944,-0.5011
2025-04-29,-0.7267,-0.6944,-0.5011,-0.7462,-0.7167,-0.7014,-0.7774,-0.7588,-0.7014,-0.8261,-0.7909,-0.7014,-0.8496,-0.8134,-0.7014,-0.8547,-0.8318,-0.7612,-0.8871,-0.8569,-0.7612,-0.9011,-0.8547,-0.7612,-0.8872,-0.8869,-0.7612,-0.9093,-0.8761,-0.7791,-0.9056,-0.8731,-0.7791,-0.8948,-0.905,-0.7791,-0.8988,-0.9038,-0.7791,-0.8567,-0.8996,-0.7702,-0.8773,-0.8958,-0.7702,-0.8531,-0.8775,-0.7702,-0.8513,-0.869,-0.7702,-0.8247,-0.8486,-0.7014,-0.8327,-0.8347,-0.7014,-0.7946,-0.8191,-0.7014,-0.7929,-0.7791,-0.7014,-0.7072,-0.722,-0.5399,-0.6777,-0.6815,-0.5399,-0.5939,-0.6437,-0.5399,-0.565,-0.5948,-0.5399,-0.4379,-0.4953,-0.3426,-0.3977,-0.4567,-0.3426,-0.3237,-0.4218,-0.3426,-0.2989,-0.4457,-0.3426,-0.2339,-0.3804,-0.2708,-0.282,-0.3797,-0.2708,-0.3023,-0.428,-0.2708,-0.3535,-0.4186,-0.2708,-0.4594,-0.4832,-0.5609,-0.5676,-0.5468,-0.5609,-0.7174,-0.6791,-0.5609,-0.8211,-0.8029,-0.5609,-1.0253,-0.9126,-0.9496,-1.1452,-0.9731,-0.9496,-1.2688,-1.0627,-0.9496,-1.4094,-1.1928,-0.9496,-1.5396,-1.27,-1.3682,-1.652,-1.34,-1.3682,-1.7628,-1.4531,-1.3682,-1.8727,-1.5454,-1.3682,-1.9673,-1.6055,-1.6762,-1.9836,-1.6156,-1.6762,-2.0005,-1.6177,-1.6762,-2.0417,-1.5913,-1.6762,-2.2655,-1.7112,-2.0171,-2.4368,-1.8551,-2.0171,-2.5213,-1.9594,-2.0171,-2.5555,-1.9522,-2.0171,-2.5246,-1.9258,-2.1367,-2.508,-1.8811,-2.1367,-2.5048,-1.9738,-2.1367,-2.4701,-1.9619,-2.1367,-2.5348,-1.982,-2.1367,-2.5303,-1.9364,-2.1367,-2.5443,-1.951,-2.1367,-2.4802,-1.9265,-2.1367,-2.4802,-1.8908,-2.035,-2.4269,-1.8518,-2.035,-2.3828,-1.7732,-2.035,-2.276,-1.6762,-2.035,-2.2478,-1.6042,-1.748,-2.1217,-1.5881,-1.748,-2.041,-1.5086,-1.748,-1.9124,-1.3911,-1.748,-1.7885,-1.3509,-1.2396,-1.6197,-1.2123,-1.2396,-1.456,-1.0698,-1.2396,-1.0967,-0.9587,-1.2396,-0.6842,-0.787,-0.5609,-0.5526,-0.6788,-0.5609,-0.3998,-0.4573,-0.5609,-0.3054,-0.3452,-0.5609,-0.1852,-0.2646,-0.1512,-0.0511,-0.2105,-0.1512,-0.0353,-0.1669,-0.1512,0.0185,-0.1452,-0.1512,0.0541,-0.1213,-0.0914,0.071,-0.0798,-0.0914,0.0679,-0.0684,-0.0914,0.022,-0.0736,-0.0914,-0.0149,-0.0927,-0.1721,-0.0785,-0.144,-0.1721,-0.1708,-0.189,-0.1721,-0.2546,-0.2497,-0.1721,-0.2963,-0.3035,-0.3516,-0.3854,-0.3635,-0.3516,-0.435,-0.4206,-0.3516,-0.474,-0.4511,-0.3516,-0.5458,-0.5415,-0.5399,-0.6201,-0.5774,-0.5399,-0.6399,-0.6206,-0.5399
2025-04-30,-0.6929,-0.696,-0.5399,-0.6899,-0.694,-0.7702,-0.734,-0.7532,-0.7702,-0.7646,-0.7797,-0.7702,-0.8179,-0.7942,-0.7702,-0.8422,-0.831,-0.8599,-0.832,-0.8397,-0.8599,-0.8405,-0.8624,-0.8599,-0.8777,-0.8937,-0.8599,-0.9041,-0.8836,-0.8898,-0.8678,-0.8955,-0.8898,-0.8926,-0.8891,-0.8898,-0.8818,-0.8987,-0.8898,-0.8609,-0.8872,-0.8599,-0.8647,-0.8966,-0.8599,-0.8478,-0.8826,-0.8599,-0.8468,-0.8935,-0.8599,-0.8187,-0.8609,-0.8001,-0.8151,-0.8499,-0.8001,-0.7831,-0.8281,-0.8001,-0.7775,-0.802,-0.8001,-0.6969,-0.7355,-0.6207,-0.6816,-0.6973,-0.6207,-0.6341,-0.6533,-0.6207,-0.5292,-0.5823,-0.6207,-0.453,-0.505,-0.3516,-0.4203,-0.4589,-0.3516,-0.3656,-0.4093,-0.3516,-0.3446,-0.4047,-0.3516,-0.2947,-0.3399,-0.2619,-0.319,-0.3556,-0.2619,-0.339,-0.3995,-0.2619,-0.3785,-0.3862,-0.2619,-0.4608,-0.4161,-0.5908,-0.5865,-0.4485,-0.5908,-0.7047,-0.5599,-0.5908,-0.8692,-0.705,-0.5908,-1.0118,-0.8259,-1.129,-1.1765,-0.8946,-1.129,-1.2929,-1.044,-1.129,-1.4264,-1.1244,-1.129,-1.5585,-1.2393,-1.6971,-1.6919,-1.3178,-1.6971,-1.7812,-1.4943,-1.6971,-1.876,-1.5398,-1.6971,-1.9305,-1.6006,-1.9662,-1.9805,-1.6159,-1.9662,-1.976,-1.6692,-1.9662,-2.0169,-1.6898,-1.9662,-2.1895,-1.781,-2.355,-2.3666,-1.9062,-2.355,-2.4851,-2.0101,-2.355,-2.5357,-2.0425,-2.355,-2.5259,-2.0067,-2.5045,-2.4962,-1.9425,-2.5045,-2.4732,-2.0233,-2.5045,-2.5002,-2.0303,-2.5045,-2.5054,-2.0406,-2.5045,-2.5316,-1.9706,-2.5045,-2.4904,-1.9316,-2.5045,-2.4675,-1.933,-2.5045,-2.439,-1.868,-2.4148,-2.3959,-1.8571,-2.4148,-2.3484,-1.7827,-2.4148,-2.269,-1.689,-2.4148,-2.1764,-1.6238,-2.0559,-2.1052,-1.5613,-2.0559,-1.9842,-1.5253,-2.0559,-1.8627,-1.4206,-2.0559,-1.7519,-1.3667,-1.4878,-1.6206,-1.1954,-1.4878,-1.4825,-0.9986,-1.4878,-1.2565,-0.8914,-1.4878,-1.0654,-0.7558,-0.7104,-0.8748,-0.642,-0.7104,-0.6936,-0.43,-0.7104,-0.5437,-0.2974,-0.7104,-0.3665,-0.2524,-0.202,-0.2043,-0.2025,-0.202,-0.134,-0.1358,-0.202,-0.0881,-0.1109,-0.202,-0.074,-0.1126,-0.1123,-0.0946,-0.0942,-0.1123,-0.1283,-0.0785,-0.1123,-0.1232,-0.0983,-0.1123,-0.145,-0.1032,-0.202,-0.1852,-0.1299,-0.202,-0.2432,-0.1897,-0.202,-0.3075,-0.2373,-0.202,-0.3755,-0.3018,-0.4114,-0.4279,-0.3561,-0.4114,-0.474,-0.4209,-0.4114,-0.5399,-0.4616,-0.4114,-0.5919,-0.5303,-0.5908,-0.674,-0.5806,-0.5908,-0.6911,-0.6187,-0.5908
2025-05-01,-0.7512,-0.6693,-0.5908,-0.7528,-0.689,-0.7702,-0.8181,-0.739,-0.7702,-0.869,-0.7636,-0.7702,-0.8891,-0.782,-0.7702,-0.9005,-0.8119,-0.8599,-0.9507,-0.8344,-0.8599,-0.9445,-0.8551,-0.8599,-0.9583,-0.8636,-0.8599,-0.9788,-0.8742,-0.8599,-0.9365,-0.8904,-0.8599,-0.9295,-0.8922,-0.8599,-0.9679,-0.8888,-0.8599,-0.9503,-0.8848,-0.8599,-0.9707,-0.8894,-0.8599,-0.9397,-0.8799,-0.8599,-0.9437,-0.8734,-0.8599,-0.9287,-0.8532,-0.7702,-0.9102,-0.8478,-0.7702,-0.8956,-0.8231,-0.7702,-0.8639,-0.8018,-0.7702,-0.8059,-0.7371,-0.6207,-0.7701,-0.7138,-0.6207,-0.6904,-0.6664,-0.6207,-0.6312,-0.5927,-0.6207,-0.5684,-0.499,-0.3815,-0.4967,-0.4711,-0.3815,-0.4653,-0.4151,-0.3815,-0.3955,-0.3812,-0.3815,-0.3628,-0.3372,-0.3217,-0.3667,-0.3461,-0.3217,-0.4044,-0.3636,-0.3217,-0.4949,-0.3554,-0.3217,-0.5553,-0.376,-0.6207,-0.6763,-0.4452,-0.6207,-0.787,-0.5333,-0.6207,-0.9006,-0.6598,-0.6207,-1.0739,-0.761,-1.1589,-1.2302,-0.8888,-1.1589,-1.3614,-1.0334,-1.1589,-1.4873,-1.1019,-1.1589,-1.6222,-1.2068,-1.727,-1.7264,-1.3037,-1.727,-1.8069,-1.4244,-1.727,-1.9259,-1.436,-1.727,-2.0248,-1.5697,-2.026,-2.0327,-1.5231,-2.026,-2.042,-1.5823,-2.026,-2.1023,-1.6211,-2.026,-2.2676,-1.7426,-2.355,-2.4384,-1.8676,-2.355,-2.5332,-1.973,-2.355,-2.5402,-1.9803,-2.355,-2.504,-1.9311,-2.4746,-2.4961,-1.9162,-2.4746,-2.5288,-1.9437,-2.4746,-2.5183,-2.0171,-2.4746,-2.5115,-2.0137,-2.4447,-2.5474,-1.9553,-2.4447,-2.4986,-1.9016,-2.4447,-2.4996,-1.8732,-2.4447,-2.4356,-1.8172,-2.2653,-2.4114,-1.7784,-2.2653,-2.3591,-1.6965,-2.2653,-2.281,-1.6083,-2.2653,-2.2046,-1.5094,-1.9662,-2.1197,-1.4959,-1.9662,-1.9935,-1.4339,-1.9662,-1.8904,-1.3402,-1.9662,-1.7628,-1.2385,-1.5177,-1.6401,-1.0402,-1.5177,-1.4712,-0.9214,-1.5177,-1.2705,-0.8218,-1.5177,-1.0721,-0.7192,-0.7702,-0.8759,-0.5726,-0.7702,-0.687,-0.3847,-0.7702,-0.5343,-0.254,-0.7702,-0.3693,-0.2192,-0.202,-0.2683,-0.1932,-0.202,-0.1588,-0.1249,-0.202,-0.1221,-0.091,-0.202,-0.1338,-0.089,-0.0824,-0.1293,-0.0771,-0.0824,-0.1475,-0.0706,-0.0824,-0.1293,-0.1001,-0.0824,-0.1377,-0.1021,-0.1721,-0.2051,-0.1282,-0.1721,-0.2634,-0.189,-0.1721,-0.3237,-0.2395,-0.1721,-0.3969,-0.2895,-0.3815,-0.4415,-0.3441,-0.3815,-0.5151,-0.411,-0.3815,-0.568,-0.4513,-0.3815,-0.6522,-0.5301,-0.5908,-0.713,-0.5897,-0.5908,-0.7597,-0.6234,-0.5908
2025-05-02,-0.7833,-0.6782,-0.5908,-0.8304,-0.6897,-0.8001,-0.8451,-0.735,-0.8001,-0.9,-0.7674,-0.8001,-0.9173,-0.7848,-0.8001,-0.9221,-0.8182,-0.9197,-0.963,-0.8439,-0.9197,-0.9846,-0.8525,-0.9197,-0.9735,-0.876,-0.9197,-1.0053,-0.8815,-0.9197,-1.0019,-0.8916,-0.9197,-1.0073,-0.9037,-0.9197,-0.9951,-0.9021,-0.9197,-0.9885,-0.905,-0.9197,-1.0027,-0.9093,-0.9197,-0.9657,-0.8981,-0.9197,-1.018,-0.9049,-0.9197,-0.9505,-0.8969,-0.8898,-0.9457,-0.8594,-0.8898,-0.9392,-0.8726,-0.8898,-0.9342,-0.8304,-0.8898,-0.848,-0.7776,-0.7104,-0.8228,-0.7456,-0.7104,-0.7864,-0.6935,-0.7104,-0.6843,-0.6331,-0.7104,-0.5981,-0.533,-0.4712,-0.5661,-0.4722,-0.4712,-0.5111,-0.4163,-0.4712,-0.486,-0.4126,-0.4712,-0.4461,-0.3692,-0.3815,-0.4818,-0.3519,-0.3815,-0.5251,-0.385,-0.3815,-0.5878,-0.3715,-0.3815,-0.6356,-0.3888,-0.6805,-0.741,-0.4505,-0.6805,-0.8639,-0.5404,-0.6805,-0.9652,-0.6457,-0.6805,-1.0992,-0.6845,-1.1589,-1.2296,-0.8914,-1.1589,-1.3577,-0.9888,-1.1589,-1.5199,-1.093,-1.1589,-1.6297,-1.201,-1.727,-1.7448,-1.2862,-1.727,-1.8566,-1.3856,-1.727,-1.9199,-1.4403,-1.727,-2.0058,-1.5671,-2.026,-2.0749,-1.5313,-2.026,-2.088,-1.6045,-2.026,-2.0926,-1.6155,-2.026,-2.2734,-1.7005,-2.355,-2.422,-1.8558,-2.355,-2.5066,-1.9413,-2.355,-2.5306,-1.9685,-2.355,-2.5312,-1.9587,-2.4746,-2.5063,-1.9305,-2.4746,-2.4976,-1.9443,-2.4746,-2.4813,-1.9658,-2.4746,-2.4672,-1.981,-2.4148,-2.4449,-1.9449,-2.4148,-2.4659,-1.884,-2.4148,-2.4077,-1.8656,-2.4148,-2.3926,-1.7516,-2.2354,-2.3482,-1.7501,-2.2354,-2.3399,-1.7335,-2.2354,-2.2587,-1.6337,-2.2354,-2.1514,-1.5476,-1.9662,-2.0208,-1.5118,-1.9662,-1.7727,-1.4533,-1.9662,-1.7543,-1.3619,-1.9662,-1.6102,-1.3183,-1.5476,-1.4596,-1.157,-1.5476,-1.0463,-0.9731,-1.5476,-0.8754,-0.8433,-1.5476,-0.8836,-0.7334,-0.7104,-0.8787,-0.5964,-0.7104,-0.809,-0.4385,-0.7104,-0.6602,-0.2829,-0.7104,-0.4109,-0.2068,-0.1123,-0.2118,-0.1853,-0.1123,-0.1361,-0.1134,-0.1123,-0.1318,-0.092,-0.1123,-0.0789,-0.0849,-0.0226,-0.0772,-0.0779,-0.0226,-0.1084,-0.0743,-0.0226,-0.1475,-0.1089,-0.0226,-0.1776,-0.1319,-0.1721,-0.2356,-0.1657,-0.1721,-0.2703,-0.2137,-0.1721,-0.3403,-0.2636,-0.1721,-0.3976,-0.3272,-0.3815,-0.4345,-0.3732,-0.3815,-0.4794,-0.4249,-0.3815,-0.5745,-0.4731,-0.3815,-0.6206,-0.5498,-0.5908,-0.6816,-0.5868,-0.5908,-0.6963,-0.6125,-0.5908
2025-05-03,-0.7334,-0.6657,-0.5908,-0.7543,-0.6698,-0.8001,-0.7956,-0.7228,-0.8001,-0.82,-0.7545,-0.8001,-0.8393,-0.7777,-0.8001,-0.8973,-0.8066,-0.8898,-0.9278,-0.838,-0.8898,-0.9492,-0.8597,-0.8898,-0.9804,-0.8834,-0.8898,-0.9898,-0.8999,-0.9795,-1.0218,-0.9242,-0.9795,-1.0085,-0.928,-0.9795,-1.0295,-0.9176,-0.9795,-1.0351,-0.9259,-0.9795,-1.0176,-0.924,-0.9795,-1.0534,-0.9182,-0.9795,-1.0528,-0.9342,-0.9795,-1.061,-0.9255,-0.9795,-1.0251,-0.8989,-0.9795,-1.0347,-0.8965,-0.9795,-1.0127,-0.8653,-0.9795,-0.9847,-0.8385,-0.8898,-0.9424,-0.8223,-0.8898,-0.9262,-0.7828,-0.8898,-0.8989,-0.7199,-0.8898,-0.8407,-0.6928,-0.83,-0.8482,-0.7001,-0.83,-0.8439,-0.6983,-0.83,-0.8145,-0.6911,-0.83,-0.7557,-0.7009,-0.8898,-0.738,-0.6905,-0.8898,-0.7549,-0.7092,-0.8898,-0.7393,-0.7241,-0.8898,-0.8465,-0.7264,-1.0692,-0.9171,-0.7461,-1.0692,-0.62,-0.8069,-1.0692,-0.3622,-0.8889,-1.0692,-0.2093,-1.0141,-1.5177,-0.1543,-1.057,-1.5177,-0.1171,-1.1225,-1.5177,-0.0932,-1.2116,-1.5177,-0.1012,-1.2711,-1.9662,-0.1139,-1.3586,-1.9662,-0.2038,-1.426,-1.9662,-0.2532,-1.4066,-1.9662,-0.2155,-1.5072,-2.2054,-0.415,-1.4135,-2.2054,-0.7363,-1.4042,-2.2054,-0.843,-1.5204,-2.2054,-1.201,-1.5299,-2.355,-1.418,-1.6408,-2.355,-1.3172,-1.6955,-2.355,-1.6262,-1.7931,-2.355,-1.8626,-1.8278,-2.4746,-1.9016,-1.7197,-2.4746,-1.5486,-1.7103,-2.4746,-1.7889,-1.8069,-2.4746,-1.1979,-1.7902,-2.3251,-1.1849,-1.7546,-2.3251,-1.4433,-1.7583,-2.3251,-1.9443,-1.5956,-2.3251,-1.658,-1.5518,-2.2354,-2.0307,-1.6498,-2.2354,-2.2384,-1.5673,-2.2354,-1.9026,-1.6511,-2.2354,-1.931,-1.5872,-1.9662,-2.184,-1.4727,-1.9662,-2.3396,-1.4401,-1.9662,-1.886,-1.3119,-1.9662,-1.0719,-1.243,-1.428,-1.1006,-1.1782,-1.428,-0.9329,-1.0677,-1.428,-0.6858,-0.98,-1.428,-0.5935,-0.8507,-0.8001,-0.4455,-0.7205,-0.8001,-0.3983,-0.5828,-0.8001,-0.4551,-0.521,-0.8001,-0.5068,-0.4396,-0.2918,-0.5326,-0.3744,-0.2918,-0.4556,-0.2988,-0.2918,-0.3746,-0.2837,-0.2918,-0.3402,-0.256,-0.232,-0.332,-0.2188,-0.232,-0.3282,-0.2062,-0.232,-0.3395,-0.244,-0.232,-0.3549,-0.242,-0.2918,-0.3969,-0.2768,-0.2918,-0.4439,-0.3005,-0.2918,-0.4578,-0.3563,-0.2918,-0.4951,-0.4041,-0.5011,-0.5298,-0.4592,-0.5011,-0.5639,-0.5051,-0.5011,-0.6193,-0.5419,-0.5011,-0.6866,-0.6011,-0.6805,-0.7246,-0.6532,-0.6805,-0.7642,-0.6758,-0.6805
2025-05-04,-0.8008,-0.6919,-0.6805,-0.8255,-0.7116,-0.8599,-0.859,-0.7543,-0.8599,-0.89,-0.7866,-0.8599,-0.9314,-0.8228,-0.8599,-0.9508,-0.8354,-0.9795,-0.9814,-0.8495,-0.9795,-0.9737,-0.8483,-0.9795,-0.9844,-0.8876,-0.9795,-1.0033,-0.9024,-1.0094,-0.9917,-0.9086,-1.0094,-0.9808,-0.9049,-1.0094,-0.9793,-0.9236,-1.0094,-1.0178,-0.9281,-1.0094,-0.9956,-0.9236,-1.0094,-1.0154,-0.9226,-1.0094,-0.9949,-0.9205,-1.0094,-0.9785,-0.9062,-1.0094,-0.9792,-0.886,-1.0094,-0.9552,-0.8754,-1.0094,-0.9509,-0.8705,-1.0094,-0.8983,-0.8729,-0.9795,-0.9062,-0.8571,-0.9795,-0.9,-0.8214,-0.9795,-0.8979,-0.8396,-0.9795,-0.8712,-0.8139,-0.9795,-0.9176,-0.7819,-0.9795,-0.9381,-0.779,-0.9795,-0.9153,-0.8017,-0.9795,-0.9262,-0.7986,-1.0393,-0.9883,-0.7704,-1.0393,-1.0986,-0.785,-1.0393,-1.1001,-0.87,-1.0393,-1.1641,-0.8113,-1.1589,-1.1925,-0.9094,-1.1589,-1.428,-0.8543,-1.1589,-1.4776,-0.8472,-1.1589,-1.3957,-0.8713,-1.3981,-1.5097,-0.8713,-1.3981,-1.6513,-0.9335,-1.3981,-1.5448,-0.9735,-1.3981,-1.6744,-0.9852,-1.8167,-1.9929,-1.1531,-1.8167,-2.2295,-1.125,-1.8167,-2.2879,-1.2268,-1.8167,-2.1578,-1.3158,-2.1755,-2.3947,-1.3147,-2.1755,-2.2934,-1.323,-2.1755,-2.0558,-1.4035,-2.1755,-2.0645,-1.3628,-2.4447,-2.1867,-1.4244,-2.4447,-2.3025,-1.4287,-2.4447,-1.9208,-1.4727,-2.4447,-1.843,-1.5145,-2.5344,-1.7352,-1.5402,-2.5344,-1.498,-1.6337,-2.5344,-1.2811,-1.5831,-2.5344,-1.2125,-1.6899,-2.5045,-1.2336,-1.763,-2.5045,-1.3773,-1.5805,-2.5045,-1.5857,-1.5275,-2.5045,-1.2236,-1.3996,-2.1157,-0.9641,-1.4341,-2.1157,-1.0324,-1.2816,-2.1157,-1.1276,-1.1687,-2.1157,-1.1783,-1.0362,-1.2187,-1.5837,-1.0931,-1.2187,-1.6179,-0.9564,-1.2187,-1.2419,-0.8851,-1.2187,-1.153,-0.8609,-0.7702,-1.0083,-0.8488,-0.7702,-0.8422,-0.7563,-0.7702,-0.8081,-0.7034,-0.7702,-0.7055,-0.6245,-0.3815,-0.6322,-0.4924,-0.3815,-0.5741,-0.488,-0.3815,-0.5333,-0.2907,-0.3815,-0.5047,-0.2541,-0.2619,-0.426,-0.2447,-0.2619,-0.4106,-0.2657,-0.2619,-0.3633,-0.2559,-0.2619,-0.3282,-0.2347,-0.2619,-0.3427,-0.2004,-0.2619,-0.3421,-0.2165,-0.2619,-0.3345,-0.2209,-0.2619,-0.3873,-0.1718,-0.3815,-0.4275,-0.2217,-0.3815,-0.4585,-0.229,-0.3815,-0.5127,-0.2711,-0.3815,-0.5438,-0.374,-0.5609,-0.5731,-0.4163,-0.5609,-0.637,-0.4824,-0.5609,-0.6925,-0.4994,-0.5609,-0.771,-0.5884,-0.7403,-0.798,-0.6144,-0.7403,-0.8084,-0.6839,-0.7403
2025-05-05,-0.8751,-0.7192,-0.7403,-0.8849,-0.7121,-0.8898,-0.9244,-0.7278,-0.8898,-0.9765,-0.8095,-0.8898,-0.9538,-0.7868,-0.8898,-1.0265,-0.8333,-0.9496,-1.0072,-0.8192,-0.9496,-1.0229,-0.8293,-0.9496,-1.0434,-0.8389,-0.9496,-1.0472,-0.8148,-0.9795,-1.0457,-0.8429,-0.9795,-1.0376,-0.8223,-0.9795,-1.0496,-0.7909,-0.9795,-1.0263,-0.8055,-0.9496,-1.0321,-0.7928,-0.9496,-1.0289,-0.7882,-0.9496,-1.0081,-0.7626,-0.9496,-0.9767,-0.7329,-0.8898,-0.9679,-0.7265,-0.8898,-0.9492,-0.6912,-0.8898,-0.9104,-0.6562,-0.8898,-0.8688,-0.6279,-0.7403,-0.8272,-0.5917,-0.7403,-0.7527,-0.5211,-0.7403,-0.692,-0.511,-0.7403,-0.5694,-0.4387,-0.4413,-0.5319,-0.3726,-0.4413,-0.4681,-0.3751,-0.4413,-0.3914,-0.304,-0.4413,-0.3032,-0.1921,-0.202,-0.2559,-0.0927,-0.202,-0.2286,-0.1116,-0.202,-0.243,-0.0552,-0.202,-0.2434,-0.0399,-0.1123,-0.2969,0.0481,-0.1123,-0.3049,0.003,-0.1123,-0.2552,-0.065,-0.1123,-0.2397,-0.0331,-0.1721,-0.2733,-0.0195,-0.1721,-0.284,-0.0667,-0.1721,-0.3818,-0.0625,-0.1721,-0.4911,0.0029,-0.3516,-0.5436,0.0019,-0.3516,-0.6165,-0.002,-0.3516,-0.6748,-0.0266,-0.3516,-0.7267,-0.0356,-0.4114,-0.8082,0.0456,-0.4114,-0.7737,0.0634,-0.4114,-0.7936,-0.0069,-0.4114,-0.9137,-0.1906,-0.7104,-1.1114,-0.3912,-0.7104,-1.1984,-0.4751,-0.7104,-1.2375,-0.5175,-0.7104,-1.141,-0.4769,-0.8001,-1.1612,-0.4902,-0.8001,-1.2832,-0.712,-0.8001,-1.2269,-0.7431,-0.8001,-1.2104,-0.8138,-0.7702,-1.2647,-0.8243,-0.7702,-1.3306,-0.7174,-0.7702,-1.2926,-0.6114,-0.7702,-1.1742,-0.4795,-0.6207,-1.1148,-0.5416,-0.6207,-1.0132,-0.5214,-0.6207,-0.9381,-0.5156,-0.6207,-0.8805,-0.6101,-0.5011,-0.7856,-0.4242,-0.5011,-0.7779,-0.4187,-0.5011,-0.7297,-0.3706,-0.5011,-0.6747,-0.4041,-0.3815,-0.5995,-0.4129,-0.3815,-0.5292,-0.277,-0.3815,-0.4024,-0.3488,-0.3815,-0.2956,-0.2544,-0.0226,-0.2034,-0.1805,-0.0226,-0.1868,-0.1248,-0.0226,-0.124,-0.0279,-0.0226,-0.0583,0.0532,0.1269,-0.0316,0.0852,0.1269,-0.02,0.0821,0.1269,0.0067,0.0411,0.1269,-0.0354,0.0531,0.1568,-0.0353,0.066,0.1568,-0.0787,0.0788,0.1568,-0.0604,0.1211,0.1568,-0.1198,0.0584,-0.0525,-0.1452,0.0154,-0.0525,-0.2027,0.0336,-0.0525,-0.257,-0.0101,-0.0525,-0.3206,-0.091,-0.2918,-0.3956,-0.1413,-0.2918,-0.4486,-0.1891,-0.2918,-0.5372,-0.2407,-0.2918,-0.5911,-0.3192,-0.531,-0.6448,-0.3667,-0.531,-0.6562,-0.4411,-0.531
2025-05-06,-0.7111,-0.5393,-0.531,-0.7182,-0.5476,-0.9197,-0.7833,-0.6215,-0.9197,-0.8284,-0.6183,-0.9197,-0.8311,-0.6321,-0.9197,-0.8276,-0.6409,-1.0094,-0.8471,-0.657,-1.0094,-0.8827,-0.6707,-1.0094,-0.8714,-0.689,-1.0094,-0.8743,-0.6615,-1.0393,-0.8785,-0.6566,-1.0393,-0.8429,-0.6471,-1.0393,-0.8536,-0.6389,-1.0393,-0.845,-0.6157,-1.0094,-0.8354,-0.6215,-1.0094,-0.8387,-0.5996,-1.0094,-0.81,-0.6274,-1.0094,-0.8273,-0.5981,-0.9496,-0.8071,-0.5653,-0.9496,-0.7669,-0.5811,-0.9496,-0.7635,-0.5355,-0.9496,-0.7044,-0.4853,-0.7702,-0.645,-0.4652,-0.7702,-0.6087,-0.4382,-0.7702,-0.5196,-0.3999,-0.7702,-0.4236,-0.3014,-0.4712,-0.3762,-0.2124,-0.4712,-0.3167,-0.215,-0.4712,-0.2256,-0.1929,-0.4712,-0.1171,-0.0843,-0.232,-0.0852,-0.0254,-0.232,-0.0529,0.0543,-0.232,-0.0943,0.0035,-0.232,-0.1027,-0.0014,-0.2619,-0.0929,-0.1027,-0.2619,-0.0884,-0.1434,-0.2619,-0.1323,-0.2535,-0.2619,-0.1818,-0.2271,-0.6954,-0.2039,-0.434,-0.6954,-0.2757,-0.465,-0.6954,-0.3494,-0.6104,-0.6954,-0.463,-0.6712,-1.1679,-0.6197,-0.8193,-1.1679,-0.755,-0.7561,-1.1679,-0.9295,-0.9147,-1.1679,-1.1025,-0.9931,-1.4549,-1.2644,-0.886,-1.4549,-1.407,-0.8503,-1.4549,-1.5508,-0.931,-1.4549,-1.7436,-1.1886,-1.9274,-1.9425,-1.4881,-1.9274,-2.1405,-1.6334,-1.9274,-2.2771,-1.6373,-1.9274,-2.319,-1.6374,-1.9872,-2.381,-1.5833,-1.9872,-2.3942,-1.5802,-1.9872,-2.406,-1.5992,-1.9872,-2.4739,-1.5812,-1.7898,-2.5741,-1.5124,-1.7898,-2.4728,-1.5187,-1.7898,-2.1899,-1.5011,-1.7898,-2.0456,-1.4314,-1.5775,-2.27,-1.6044,-1.5775,-2.1532,-1.4038,-1.5775,-2.1081,-1.3011,-1.5775,-1.9916,-1.2024,-1.2247,-1.8892,-1.1013,-1.2247,-1.7727,-1.0717,-1.2247,-1.5246,-1.0718,-1.2247,-1.2611,-0.9963,-0.7941,-1.1169,-0.9267,-0.7941,-0.9399,-0.8611,-0.7941,-0.6555,-0.8265,-0.7941,-0.4942,-0.6038,-0.214,-0.3341,-0.4931,-0.214,-0.1819,-0.3414,-0.214,-0.1174,-0.2077,-0.214,-0.044,-0.1293,0.1,-0.0087,-0.0178,0.1,0.053,-0.0206,0.1,0.0427,-0.0437,0.1,0.0389,-0.0287,0.1358,0.0209,-0.003,0.1358,0.0061,0.02,0.1358,-0.0175,0.0766,0.1358,-0.0324,0.0544,-0.0197,-0.1155,-0.0089,-0.0197,-0.1619,-0.0025,-0.0197,-0.2039,-0.0174,-0.0197,-0.2749,-0.1125,-0.2619,-0.3521,-0.1853,-0.2619,-0.4261,-0.2349,-0.2619,-0.4745,-0.2848,-0.2619,-0.5523,-0.3656,-0.4951,-0.616,-0.3955,-0.4951,-0.6602,-0.4639,-0.4951
2025-05-07,-0.6692,-0.5344,-0.4951,-0.7016,-0.5363,-0.5997,-0.7373,-0.604,-0.5997,-0.7917,-0.6213,-0.5997,-0.8199,-0.6167,-0.5997,-0.8557,-0.6633,-0.6984,-0.8381,-0.6733,-0.6984,-0.8599,-0.6772,-0.6984,-0.8813,-0.6862,-0.6984,-0.8866,-0.6831,-0.7672,-0.8818,-0.6635,-0.7672,-0.8884,-0.6628,-0.7672,-0.8754,-0.6451,-0.7672,-0.8596,-0.6408,-0.7552,-0.8704,-0.6466,-0.7552,-0.865,-0.637,-0.7552,-0.8477,-0.6398,-0.7552,-0.8312,-0.6008,-0.6805,-0.8276,-0.5926,-0.6805,-0.7815,-0.5675,-0.6805,-0.7756,-0.5405,-0.6805,-0.7112,-0.4758,-0.5011,-0.6707,-0.4425,-0.5011,-0.6146,-0.4079,-0.5011,-0.5222,-0.3854,-0.5011,-0.4092,-0.3022,-0.2439,-0.376,-0.3084,-0.2439,-0.2971,-0.2893,-0.2439,-0.2348,-0.2498,-0.2439,-0.1182,-0.2412,-0.0167,-0.0218,-0.228,-0.0167,0.007,-0.2475,-0.0167,0.0417,-0.1828,-0.0167,0.0869,-0.0635,-0.0137,0.1629,-0.0681,-0.0137,0.1109,0.0072,-0.0137,0.0942,-0.0462,-0.0137,0.0769,-0.0617,-0.1542,0.003,-0.127,-0.1542,0.0005,-0.044,-0.1542,0.0129,-0.0728,-0.1542,-0.0732,-0.035,-0.2798,-0.1527,-0.2205,-0.2798,-0.1399,-0.1925,-0.2798,-0.2007,-0.2187,-0.2798,-0.2609,-0.1475,-0.3994,-0.3017,-0.2052,-0.3994,-0.173,-0.0171,-0.3994,-0.0927,-0.1751,-0.3994,-0.1831,-0.2657,-0.7492,-0.3006,-0.4544,-0.7492,-0.5237,-0.5138,-0.7492,-0.7212,-0.51,-0.7492,-0.7682,-0.3211,-0.8689,-0.8056,-0.3472,-0.8689,-0.8965,-0.4536,-0.8689,-0.8019,-0.481,-0.8689,-0.7375,-0.493,-0.9376,-0.9399,-0.3727,-0.9376,-1.1474,-0.4056,-0.9376,-1.2789,-0.3738,-0.9376,-1.2559,-0.5166,-0.9107,-1.1842,-0.4727,-0.9107,-1.1795,-0.4661,-0.9107,-1.0062,-0.4609,-0.9107,-0.9074,-0.4084,-0.6625,-0.7873,-0.3943,-0.6625,-0.76,-0.4871,-0.6625,-0.705,-0.3926,-0.6625,-0.6863,-0.4031,-0.513,-0.6027,-0.3826,-0.513,-0.5482,-0.3222,-0.513,-0.4615,-0.2457,-0.513,-0.3249,-0.1366,-0.0705,-0.1263,-0.0644,-0.0705,0.074,0.0158,-0.0705,0.1284,0.1012,-0.0705,0.132,0.1886,0.1687,0.0722,0.1943,0.1687,0.0267,0.1906,0.1687,0.0647,0.1541,0.1687,0.095,0.1097,0.1627,0.1267,0.0718,0.1627,0.1453,0.0231,0.1627,0.1422,0.0897,0.1627,0.1,0.1163,0.0282,0.0422,0.1274,0.0282,-0.0201,0.1131,0.0282,-0.0577,0.0887,0.0282,-0.1466,0.0201,-0.214,-0.2189,-0.0373,-0.214,-0.252,-0.1038,-0.214,-0.3159,-0.1539,-0.214,-0.3793,-0.2433,-0.4173,-0.4289,-0.2916,-0.4173,-0.4876,-0.3366,-0.4173
2025-05-08,-0.5665,-0.45,-0.4173,-0.555,-0.468,-0.5728,-0.6352,-0.5356,-0.5728,-0.6663,-0.5265,-0.5728,-0.6976,-0.5645,-0.5728,-0.727,-0.5765,-0.6566,-0.7346,-0.5688,-0.6566,-0.7249,-0.591,-0.6566,-0.7457,-0.6086,-0.6566,-0.7384,-0.6072,-0.6655,-0.7558,-0.6061,-0.6655,-0.7709,-0.5636,-0.6655,-0.7415,-0.5621,-0.6655,-0.7396,-0.5671,-0.6476,-0.7326,-0.5381,-0.6476,-0.7329,-0.5408,-0.6476,-0.7454,-0.5573,-0.6476,-0.7293,-0.5485,-0.5818,-0.699,-0.5395,-0.5818,-0.6771,-0.5284,-0.5818,-0.6526,-0.4987,-0.5818,-0.6003,-0.4179,-0.3934,-0.5655,-0.3878,-0.3934,-0.4976,-0.3598,-0.3934,-0.4146,-0.3065,-0.3934,-0.3018,-0.2359,-0.1781,-0.2862,-0.2393,-0.1781,-0.2028,-0.2527,-0.1781,-0.1299,-0.2464,-0.1781,-0.0612,-0.2042,-0.0346,0.0132,-0.2111,-0.0346,0.0523,-0.234,-0.0346,0.063,-0.1686,-0.0346,0.0711,-0.1909,-0.226,-0.0007,-0.2038,-0.226,-0.0703,-0.264,-0.226,-0.1636,-0.4028,-0.226,-0.3236,-0.5155,-0.6625,-0.4793,-0.5962,-0.6625,-0.6285,-0.6909,-0.6625,-0.8282,-0.7946,-0.6625,-0.948,-0.7169,-1.1589,-1.1759,-0.7913,-1.1589,-1.2814,-0.926,-1.1589,-1.4583,-1.0701,-1.1589,-1.6234,-1.2311,-1.3981,-1.6943,-1.1107,-1.3981,-1.7808,-1.0413,-1.3981,-1.8302,-1.1536,-1.3981,-1.9389,-1.2343,-1.7569,-2.1629,-1.392,-1.7569,-2.2403,-1.466,-1.7569,-2.3512,-1.4543,-1.7569,-2.2989,-1.4811,-1.742,-2.2699,-1.4442,-1.742,-2.2178,-1.3348,-1.742,-2.3026,-1.2953,-1.742,-2.3777,-1.2768,-1.5596,-2.424,-1.1684,-1.5596,-2.2165,-1.1015,-1.5596,-1.8579,-0.9606,-1.5596,-1.8997,-0.9517,-1.419,-1.7955,-1.0325,-1.419,-1.6431,-0.9462,-1.419,-1.4467,-0.9593,-1.419,-1.4006,-1.0405,-1.1858,-1.3752,-0.9437,-1.1858,-1.3255,-1.0006,-1.1858,-1.2578,-0.8528,-1.1858,-1.144,-0.9184,-0.824,-1.0174,-0.9023,-0.824,-0.7996,-0.7159,-0.824,-0.5662,-0.698,-0.824,-0.4397,-0.5154,-0.226,-0.2641,-0.3904,-0.226,-0.1647,-0.3096,-0.226,-0.0785,-0.1757,-0.226,-0.0278,-0.1474,0.085,-0.0127,-0.0656,0.085,0.0291,0.032,0.085,0.0453,0.0307,0.085,0.0733,0.0804,0.1149,0.0451,0.0767,0.1149,0.073,0.0916,0.1149,0.0224,0.1105,0.1149,-0.0139,0.0575,-0.0197,-0.0701,0.0427,-0.0197,-0.1167,0.0106,-0.0197,-0.2044,-0.0164,-0.0197,-0.253,-0.096,-0.2439,-0.3186,-0.1586,-0.2439,-0.3758,-0.2147,-0.2439,-0.4315,-0.2697,-0.2439,-0.5181,-0.3559,-0.4562,-0.558,-0.4156,-0.4562,-0.5994,-0.4604,-0.4562
2025-05-09,-0.6449,-0.5297,-0.4562,-0.6632,-0.5522,-0.6177,-0.7484,-0.5789,-0.6177,-0.7703,-0.6391,-0.6177,-0.7778,-0.6478,-0.6177,-0.8067,-0.6689,-0.7014,-0.8125,-0.6752,-0.7014,-0.8165,-0.6718,-0.7014,-0.8466,-0.6955,-0.7014,-0.8605,-0.6962,-0.7612,-0.8496,-0.7182,-0.7612,-0.8489,-0.7246,-0.7612,-0.8339,-0.6998,-0.7612,-0.82,-0.6729,-0.7433,-0.8217,-0.7017,-0.7433,-0.8297,-0.6913,-0.7433,-0.8073,-0.6922,-0.7433,-0.7985,-0.658,-0.6715,-0.786,-0.6394,-0.6715,-0.7933,-0.6126,-0.6715,-0.7223,-0.5854,-0.6715,-0.6997,-0.5118,-0.4951,-0.6339,-0.487,-0.4951,-0.5752,-0.4463,-0.4951,-0.4961,-0.4006,-0.4951,-0.3778,-0.3327,-0.2379,-0.3736,-0.356,-0.2379,-0.3009,-0.3684,-0.2379,-0.2868,-0.3157,-0.2379,-0.175,-0.3347,-0.0615,-0.1695,-0.2796,-0.0615,-0.2014,-0.2809,-0.0615,-0.2851,-0.2698,-0.0615,-0.2939,-0.2085,-0.1721,-0.3267,-0.27,-0.1721,-0.303,-0.2897,-0.1721,-0.4051,-0.3653,-0.1721,-0.4671,-0.4441,-0.6027,-0.5628,-0.5346,-0.6027,-0.6587,-0.5522,-0.6027,-0.8373,-0.606,-0.6027,-0.8939,-0.5902,-0.9705,-1.2456,-0.6187,-0.9705,-1.3711,-0.8277,-0.9705,-1.4995,-0.9526,-0.9705,-1.0691,-1.0229,-1.3084,-0.9424,-1.0191,-1.3084,-0.9039,-0.9998,-1.3084,-1.1169,-1.1189,-1.3084,-1.3995,-1.2274,-1.748,-1.7882,-1.5458,-1.748,-1.8423,-1.6182,-1.748,-1.8123,-1.6565,-1.748,-1.5762,-1.6818,-1.8317,-1.4064,-1.6339,-1.8317,-1.5736,-1.5406,-1.8317,-1.5468,-1.4894,-1.8317,-1.6319,-1.4989,-1.8586,-1.864,-1.5355,-1.8586,-1.7929,-1.4819,-1.8586,-1.6596,-1.4293,-1.8586,-1.4916,-1.604,-1.6642,-1.5131,-1.6646,-1.6642,-1.5841,-1.5542,-1.6642,-1.7056,-1.5478,-1.6642,-1.721,-1.5634,-1.419,-1.5399,-1.586,-1.419,-1.4889,-1.5271,-1.419,-1.3046,-1.4606,-1.419,-1.4919,-1.2917,-0.9855,-1.4302,-1.2126,-0.9855,-1.113,-1.102,-0.9855,-0.7712,-0.9952,-0.9855,-0.6209,-0.7892,-0.3934,-0.5695,-0.6277,-0.3934,-0.432,-0.5488,-0.3934,-0.3063,-0.3722,-0.3934,-0.2248,-0.2859,-0.0226,-0.1223,-0.1576,-0.0226,-0.1068,-0.02,-0.0226,-0.0977,-0.0535,-0.0226,-0.0575,-0.0307,0.0581,-0.0276,-0.0404,0.0581,-0.0272,-0.0517,0.0581,-0.0589,-0.0121,0.0581,-0.0586,0.0005,-0.0346,-0.0975,0.0115,-0.0346,-0.1112,-0.0106,-0.0346,-0.1726,-0.0828,-0.0346,-0.2665,-0.181,-0.2439,-0.2657,-0.2275,-0.2439,-0.3249,-0.2967,-0.2439,-0.3913,-0.3016,-0.2439,-0.484,-0.3818,-0.4443,-0.5158,-0.4241,-0.4443,-0.5523,-0.4716,-0.4443
2025-05-10,-0.5822,-0.5312,-0.4443,-0.5978,-0.5677,-0.6506,-0.6052,-0.6068,-0.6506,-0.641,-0.6426,-0.6506,-0.6916,-0.6792,-0.6506,-0.7036,-0.6933,-0.7104,-0.7304,-0.704,-0.7104,-0.7486,-0.7416,-0.7104,-0.7604,-0.7581,-0.7104,-0.7705,-0.7683,-0.7104,-0.7755,-0.7733,-0.7104,-0.7885,-0.7882,-0.7104,-0.8,-0.7605,-0.7104,-0.7742,-0.7705,-0.7104,-0.7818,-0.7615,-0.7104,-0.7961,-0.7768,-0.7104,-0.7826,-0.7747,-0.7104,-0.7478,-0.7546,-0.6207,-0.7249,-0.7354,-0.6207,-0.7234,-0.7158,-0.6207,-0.7013,-0.7031,-0.6207,-0.6957,-0.6297,-0.5908,-0.6349,-0.6193,-0.5908,-0.5983,-0.584,-0.5908,-0.588,-0.629,-0.5908,-0.5771,-0.586,-0.5908,-0.5622,-0.6967,-0.5908,-0.6095,-0.7183,-0.5908,-0.6855,-0.726,-0.5908,-0.7401,-0.7587,-0.8001,-0.8379,-0.7906,-0.8001,-0.9333,-0.771,-0.8001,-1.0229,-0.8324,-0.8001,-1.0944,-0.8581,-1.1888,-1.19,-0.8962,-1.1888,-1.2994,-0.9433,-1.1888,-1.423,-1.0559,-1.1888,-1.5051,-1.1563,-1.727,-1.6593,-1.2604,-1.727,-1.7982,-1.2909,-1.727,-1.918,-1.4067,-1.727,-2.0186,-1.3969,-2.1157,-2.0929,-1.4486,-2.1157,-2.1319,-1.5638,-2.1157,-2.1365,-1.6267,-2.1157,-2.3196,-1.654,-2.3251,-2.2892,-1.7957,-2.3251,-2.3635,-1.8122,-2.3251,-2.4956,-1.7297,-2.3251,-2.5936,-1.7344,-2.4148,-2.7023,-1.9014,-2.4148,-2.7912,-1.9413,-2.4148,-2.8676,-2.044,-2.4148,-2.9033,-2.0065,-2.4447,-2.8854,-1.9888,-2.4447,-2.7783,-1.9323,-2.4447,-2.5531,-1.9223,-2.4447,-2.6484,-2.0008,-2.4447,-2.7072,-2.0169,-2.4447,-2.7202,-1.9637,-2.4447,-2.8519,-1.9661,-2.4447,-2.7993,-2.0076,-2.2354,-2.7148,-2.001,-2.2354,-2.7534,-1.9504,-2.2354,-2.7532,-1.8877,-2.2354,-2.6143,-1.84,-1.7868,-2.4695,-1.7664,-1.7868,-2.3428,-1.7056,-1.7868,-2.3231,-1.6187,-1.7868,-2.1608,-1.5505,-1.3383,-1.9855,-1.4121,-1.3383,-1.7967,-1.2858,-1.3383,-1.6042,-1.1755,-1.3383,-1.3578,-1.0677,-0.7702,-1.2687,-0.9635,-0.7702,-1.0763,-0.7618,-0.7702,-0.8347,-0.6249,-0.7702,-0.7339,-0.5313,-0.3815,-0.5945,-0.4633,-0.3815,-0.439,-0.3667,-0.3815,-0.3785,-0.3545,-0.3815,-0.36,-0.3034,-0.2918,-0.3392,-0.2614,-0.2918,-0.3462,-0.2539,-0.2918,-0.3385,-0.2709,-0.2918,-0.3017,-0.2659,-0.3815,-0.308,-0.288,-0.3815,-0.3206,-0.2986,-0.3815,-0.3885,-0.3571,-0.3815,-0.3934,-0.3921,-0.5908,-0.4537,-0.4392,-0.5908,-0.5133,-0.4892,-0.5908,-0.548,-0.5312,-0.5908,-0.5808,-0.5847,-0.6805,-0.6654,-0.6187,-0.6805,-0.6946,-0.6572,-0.6805
2025-05-11,-0.7103,-0.6739,-0.6805,-0.7298,-0.6802,-0.7343,-0.7554,-0.7199,-0.7343,-0.79,-0.7522,-0.7343,-0.8401,-0.7788,-0.7343,-0.8597,-0.8083,-0.836,-0.8706,-0.8211,-0.836,-0.8947,-0.8438,-0.836,-0.9172,-0.8734,-0.836,-0.9011,-0.8713,-0.8659,-0.9279,-0.8748,-0.8659,-0.9323,-0.88,-0.8659,-0.9235,-0.8807,-0.8659,-0.932,-0.8902,-0.8509,-0.8993,-0.8622,-0.8509,-0.9073,-0.8675,-0.8509,-0.9056,-0.8797,-0.8509,-0.8817,-0.8655,-0.8061,-0.8558,-0.8579,-0.8061,-0.8522,-0.8478,-0.8061,-0.8386,-0.8509,-0.8061,-0.8038,-0.8007,-0.7313,-0.8052,-0.8143,-0.7313,-0.7629,-0.7751,-0.7313,-0.7771,-0.7916,-0.7313,-0.7907,-0.8134,-0.809,-0.8123,-0.8587,-0.809,-0.8636,-0.8815,-0.809,-0.9544,-0.9268,-0.809,-0.9494,-0.9503,-0.9735,-0.9335,-0.9815,-0.9735,-0.9224,-0.9955,-0.9735,-0.9399,-1.0521,-0.9735,-0.9861,-1.0742,-1.2097,-1.1947,-1.1172,-1.2097,-1.3117,-1.1749,-1.2097,-1.4993,-1.2087,-1.2097,-1.7234,-1.2736,-1.6074,-1.8906,-1.3528,-1.6074,-2.0062,-1.4272,-1.6074,-2.1537,-1.4565,-1.6074,-2.2379,-1.5078,-1.9304,-2.3436,-1.5539,-1.9304,-2.4529,-1.6143,-1.9304,-2.5425,-1.6652,-1.9304,-2.6405,-1.7715,-2.2174,-2.6552,-1.8024,-2.2174,-2.6997,-1.9004,-2.2174,-2.5992,-1.9024,-2.2174,-2.4951,-1.9429,-2.4267,-2.5437,-2.0289,-2.4267,-2.6602,-2.0588,-2.4267,-2.6515,-2.0848,-2.4267,-2.5218,-2.067,-2.4387,-2.6494,-2.0458,-2.4387,-2.741,-2.1601,-2.4387,-2.8718,-2.0923,-2.4387,-2.8967,-2.1232,-2.4656,-2.8746,-2.1486,-2.4656,-2.5275,-2.0636,-2.4656,-2.3319,-2.1048,-2.4656,-2.3764,-2.1052,-2.349,-2.5156,-2.1456,-2.349,-2.7055,-2.0309,-2.349,-2.5843,-1.9285,-2.349,-2.6535,-1.8688,-2.0888,-2.3569,-1.733,-2.0888,-2.2397,-1.6419,-2.0888,-2.2076,-1.5912,-2.0888,-2.0646,-1.4275,-1.422,-2.11,-1.3674,-1.422,-1.9017,-1.1701,-1.422,-1.61,-1.1326,-1.422,-1.3893,-1.006,-0.7732,-1.1798,-0.8963,-0.7732,-0.9546,-0.7328,-0.7732,-0.8161,-0.5872,-0.7732,-0.7009,-0.5313,-0.3994,-0.5762,-0.4376,-0.3994,-0.4747,-0.376,-0.3994,-0.3909,-0.3703,-0.3994,-0.364,-0.3288,-0.2858,-0.3752,-0.263,-0.2858,-0.3658,-0.2644,-0.2858,-0.4148,-0.2864,-0.2858,-0.4069,-0.2796,-0.3276,-0.4256,-0.3227,-0.3276,-0.4693,-0.3203,-0.3276,-0.5051,-0.3934,-0.3276,-0.5322,-0.4379,-0.51,-0.6007,-0.5187,-0.51,-0.6372,-0.5787,-0.51,-0.7008,-0.6012,-0.51,-0.7543,-0.6841,-0.7044,-0.8097,-0.7043,-0.7044,-0.8211,-0.7459,-0.7044
2025-05-12,-0.8633,-0.7871,-0.7044,-0.8952,-0.7988,-0.8449,-0.948,-0.8562,-0.8449,-0.9761,-0.8802,-0.8449,-0.9908,-0.9168,-0.8449,-1.0256,-0.9229,-0.9257,-1.034,-0.946,-0.9257,-0.9204,-0.9524,-0.9257,-0.8889,-0.9651,-0.9257,-0.919,-0.9698,-0.9705,-0.9272,-0.9657,-0.9705,-0.9133,-0.9704,-0.9705,-0.9399,-0.9683,-0.9705,-0.9166,-0.9534,-0.9556,-0.9351,-0.9617,-0.9556,-0.9228,-0.9484,-0.9556,-0.9267,-0.9284,-0.9556,-0.8951,-0.9027,-0.8838,-0.869,-0.8835,-0.8838,-0.8484,-0.8456,-0.8838,-0.8278,-0.8274,-0.8838,-0.7878,-0.7672,-0.7044,-0.7597,-0.7337,-0.7044,-0.6837,-0.6734,-0.7044,-0.5985,-0.6549,-0.7044,-0.5309,-0.5493,-0.4831,-0.4635,-0.5649,-0.4831,-0.4134,-0.5055,-0.4831,-0.3084,-0.4779,-0.4831,-0.2007,-0.4425,-0.2828,-0.1432,-0.3767,-0.2828,-0.0787,-0.3581,-0.2828,-0.0356,-0.3354,-0.2828,-0.0399,-0.3152,-0.3994,-0.1096,-0.4054,-0.3994,-0.3098,-0.4881,-0.3994,-0.4734,-0.5357,-0.3994,-0.5722,-0.6798,-0.7702,-0.8302,-0.6165,-0.7702,-1.1603,-0.7399,-0.7702,-1.3199,-0.8131,-0.7702,-1.2933,-0.8113,-0.9795,-1.2091,-0.9036,-0.9795,-1.2384,-1.0252,-0.9795,-1.1208,-1.0398,-0.9795,-1.2821,-0.9445,-1.1439,-1.3588,-1.0363,-1.1439,-1.439,-0.9867,-1.1439,-1.5567,-0.9935,-1.1439,-1.9082,-1.1071,-1.5297,-2.2703,-1.2069,-1.5297,-2.1482,-1.229,-1.5297,-1.9806,-1.2225,-1.5297,-1.5811,-1.2831,-1.4998,-1.1525,-1.296,-1.4998,-0.7789,-1.2701,-1.4998,-0.4354,-1.0613,-1.4998,-0.1766,-1.2371,-1.2037,-0.0115,-1.3427,-1.2037,-0.0132,-1.1861,-1.2037,-0.0087,-1.2199,-1.2037,-0.0729,-1.2306,-0.9496,-0.1687,-1.2913,-0.9496,-0.1794,-1.1345,-0.9496,-0.2924,-1.0395,-0.9496,-0.332,-0.8831,-0.6476,-0.3233,-0.8605,-0.6476,-0.4581,-0.959,-0.6476,-0.5131,-0.8155,-0.6476,-0.3901,-0.8342,-0.3785,-0.3602,-0.7349,-0.3785,-0.2766,-0.6493,-0.3785,-0.1869,-0.5834,-0.3785,-0.1043,-0.411,-0.0226,-0.0634,-0.3305,-0.0226,0.0213,-0.1943,-0.0226,0.0017,-0.1529,-0.0226,0.059,-0.0812,0.091,0.0718,-0.0578,0.091,0.0281,-0.0698,0.091,-0.0004,-0.0739,0.091,0.0014,-0.0829,0.0342,0.016,-0.0718,0.0342,0.0443,-0.0873,0.0342,0.0103,-0.1017,0.0342,-0.0077,-0.1073,-0.1094,-0.0782,-0.15,-0.1094,-0.1013,-0.2137,-0.1094,-0.1467,-0.2483,-0.1094,-0.255,-0.3238,-0.3366,-0.3216,-0.3716,-0.3366,-0.3739,-0.4162,-0.3366,-0.4423,-0.469,-0.3366,-0.4938,-0.5381,-0.5579,-0.5362,-0.6046,-0.5579,-0.608,-0.6437,-0.5579
2025-05-13,-0.6077,-0.7215,-0.5579,-0.6329,-0.7388,-0.7014,-0.6487,-0.776,-0.7014,-0.6912,-0.8223,-0.7014,-0.7228,-0.8179,-0.7014,-0.7425,-0.8734,-0.7672,-0.7372,-0.868,-0.7672,-0.7584,-0.8619,-0.7672,-0.7459,-0.8733,-0.7672,-0.7341,-0.8696,-0.8031,-0.7473,-0.8749,-0.8031,-0.7429,-0.9,-0.8031,-0.7371,-0.859,-0.8031,-0.7439,-0.85,-0.7911,-0.7336,-0.8572,-0.7911,-0.714,-0.845,-0.7911,-0.7095,-0.8546,-0.7911,-0.6808,-0.8136,-0.7193,-0.6762,-0.7997,-0.7193,-0.6594,-0.7721,-0.7193,-0.6458,-0.7405,-0.7193,-0.5868,-0.6867,-0.5579,-0.565,-0.664,-0.5579,-0.5042,-0.6048,-0.5579,-0.4174,-0.5911,-0.5579,-0.3464,-0.4914,-0.3844,-0.3485,-0.4618,-0.3844,-0.3154,-0.4306,-0.3844,-0.3555,-0.389,-0.3844,-0.2706,-0.3082,-0.2499,-0.2865,-0.3406,-0.2499,-0.3018,-0.3011,-0.2499,-0.3733,-0.3841,-0.2499,-0.4635,-0.41,-0.522,-0.6105,-0.5217,-0.522,-0.7503,-0.6167,-0.522,-0.9052,-0.7102,-0.522,-1.0964,-0.8384,-1.0632,-1.245,-0.9494,-1.0632,-1.3584,-1.1006,-1.0632,-1.4911,-1.2093,-1.0632,-1.6074,-1.2622,-1.4729,-1.7406,-1.3348,-1.4729,-1.8834,-1.4899,-1.4729,-1.9378,-1.5207,-1.4729,-2.0471,-1.6244,-1.7689,-2.0824,-1.6482,-1.7689,-2.0688,-1.6084,-1.7689,-2.1321,-1.6134,-1.7689,-2.3419,-1.7455,-2.1187,-2.5125,-1.8563,-2.1187,-2.6456,-1.9499,-2.1187,-2.6511,-1.9212,-2.1187,-2.6293,-1.8994,-2.1995,-2.6418,-1.8181,-2.1995,-2.6044,-1.8137,-2.1995,-2.5866,-1.8844,-2.1995,-2.6042,-1.8701,-2.2234,-2.5959,-1.8543,-2.2234,-2.6029,-1.8737,-2.2234,-2.5985,-1.8352,-2.2234,-2.4133,-1.8647,-1.9722,-1.8591,-1.8044,-1.9722,-1.7584,-1.6961,-1.9722,-1.978,-1.5289,-1.9722,-2.1567,-1.5102,-1.6882,-2.1321,-1.4289,-1.6882,-2.0121,-1.3862,-1.6882,-1.8058,-1.3152,-1.6882,-1.5136,-1.2715,-1.2247,-1.4342,-1.1925,-1.2247,-1.4043,-1.0842,-1.2247,-1.1573,-0.9702,-1.2247,-0.7993,-0.8118,-0.5788,-0.5661,-0.6672,-0.5788,-0.5807,-0.5375,-0.5788,-0.4791,-0.4645,-0.5788,-0.3863,-0.3694,-0.1901,-0.2761,-0.2844,-0.1901,-0.2027,-0.2259,-0.1901,-0.1342,-0.187,-0.1901,-0.072,-0.1597,-0.1213,-0.0564,-0.11,-0.1213,-0.0171,-0.1293,-0.1213,-0.0733,-0.1621,-0.1213,-0.0838,-0.1597,-0.1931,-0.072,-0.2077,-0.1931,-0.1445,-0.2087,-0.1931,-0.1954,-0.2865,-0.1931,-0.2818,-0.3587,-0.3815,-0.3452,-0.3868,-0.3815,-0.398,-0.4548,-0.3815,-0.4472,-0.5061,-0.3815,-0.5323,-0.5741,-0.5938,-0.5834,-0.6288,-0.5938,-0.628,-0.6452,-0.5938
2025-05-14,-0.678,-0.6483,-0.5938,-0.7079,-0.6738,-0.7253,-0.7172,-0.716,-0.7253,-0.7575,-0.756,-0.7253,-0.7753,-0.7717,-0.7253,-0.8001,-0.7875,-0.809,-0.8111,-0.802,-0.809,-0.8421,-0.8181,-0.809,-0.8363,-0.8268,-0.809,-0.8545,-0.8319,-0.839,-0.8587,-0.8179,-0.839,-0.8426,-0.8252,-0.839,-0.8643,-0.8258,-0.839,-0.8331,-0.8195,-0.821,-0.7965,-0.815,-0.821,-0.8255,-0.8104,-0.821,-0.8049,-0.8163,-0.821,-0.8058,-0.7904,-0.7492,-0.7917,-0.777,-0.7492,-0.7408,-0.7582,-0.7492,-0.728,-0.7356,-0.7492,-0.6567,-0.6539,-0.6027,-0.6156,-0.6321,-0.6027,-0.5323,-0.5847,-0.6027,-0.4827,-0.5301,-0.6027,-0.3838,-0.4399,-0.4831,-0.3722,-0.4006,-0.4831,-0.3452,-0.377,-0.4831,-0.3907,-0.3878,-0.4831,-0.3721,-0.3635,-0.4652,-0.4036,-0.359,-0.4652,-0.4277,-0.3676,-0.4652,-0.5322,-0.4259,-0.4652,-0.5934,-0.4094,-0.7881,-0.7031,-0.4592,-0.7881,-0.8377,-0.5016,-0.7881,-0.994,-0.5992,-0.7881,-1.1416,-0.7351,-1.2815,-1.3191,-0.9214,-1.2815,-1.4009,-1.031,-1.2815,-1.5595,-1.0796,-1.2815,-1.6832,-1.1877,-1.6642,-1.8047,-1.2258,-1.6642,-1.8904,-1.3808,-1.6642,-2.0225,-1.4735,-1.6642,-2.0719,-1.4492,-1.8795,-2.1096,-1.511,-1.8795,-2.1264,-1.5623,-1.8795,-2.1795,-1.567,-1.8795,-2.3655,-1.7246,-2.2443,-2.5281,-1.8836,-2.2443,-2.5751,-1.9426,-2.2443,-2.6097,-1.9924,-2.2443,-2.5945,-1.94,-2.3071,-2.5756,-1.8234,-2.3071,-2.5454,-1.848,-2.3071,-2.5603,-1.8096,-2.3071,-2.5398,-1.9179,-2.2623,-2.5199,-1.8327,-2.2623,-2.4172,-1.7829,-2.2623,-2.4413,-1.8742,-2.2623,-2.4138,-1.7856,-2.1397,-2.3683,-1.8425,-2.1397,-2.2389,-1.7398,-2.1397,-1.939,-1.6717,-2.1397,-1.7198,-1.6217,-1.8227,-1.7014,-1.5823,-1.8227,-1.6945,-1.5106,-1.8227,-1.7752,-1.4478,-1.8227,-1.6895,-1.3101,-1.3592,-1.5279,-1.1663,-1.3592,-1.422,-1.0082,-1.3592,-1.2204,-0.9286,-1.3592,-0.9503,-0.7879,-0.6476,-0.7677,-0.7235,-0.6476,-0.5828,-0.5023,-0.6476,-0.3794,-0.4146,-0.6476,-0.2413,-0.3167,-0.2559,-0.1789,-0.2425,-0.2559,-0.1379,-0.1431,-0.2559,-0.0632,-0.1004,-0.2559,-0.0665,-0.0971,-0.1751,-0.0689,-0.0526,-0.1751,-0.0827,-0.0805,-0.1751,-0.1024,-0.1223,-0.1751,-0.1143,-0.1315,-0.226,-0.0855,-0.1519,-0.226,-0.1488,-0.1617,-0.226,-0.2038,-0.2324,-0.226,-0.2789,-0.2956,-0.4293,-0.3386,-0.3333,-0.4293,-0.4161,-0.4031,-0.4293,-0.4592,-0.4466,-0.4293,-0.5436,-0.5179,-0.6356,-0.5812,-0.5799,-0.6356,-0.6153,-0.627,-0.6356
2025-05-15,-0.6785,-0.6633,-0.6356,-0.6858,-0.6874,-0.7881,-0.7385,-0.7346,-0.7881,-0.7546,-0.7556,-0.7881,-0.7952,-0.7908,-0.7881,-0.8053,-0.813,-0.8599,-0.8441,-0.8178,-0.8599,-0.8469,-0.8517,-0.8599,-0.8592,-0.8655,-0.8599,-0.8595,-0.8707,-0.8838,-0.8692,-0.8797,-0.8838,-0.8649,-0.8851,-0.8838,-0.8589,-0.885,-0.8838,-0.8554,-0.8739,-0.8689,-0.8573,-0.8703,-0.8689,-0.8377,-0.8667,-0.8689,-0.8248,-0.8924,-0.8689,-0.8448,-0.8449,-0.8001,-0.7919,-0.8415,-0.8001,-0.7611,-0.8171,-0.8001,-0.7373,-0.7865,-0.8001,-0.6981,-0.7266,-0.6416,-0.6219,-0.6977,-0.6416,-0.5696,-0.6417,-0.6416,-0.5325,-0.5849,-0.6416,-0.4196,-0.4881,-0.4801,-0.3886,-0.4961,-0.4801,-0.388,-0.4393,-0.4801,-0.3997,-0.4174,-0.4801,-0.3504,-0.373,-0.4622,-0.4289,-0.3848,-0.4622,-0.4598,-0.404,-0.4622,-0.5559,-0.4417,-0.4622,-0.6382,-0.4364,-0.7582,-0.7585,-0.5403,-0.7582,-0.8549,-0.64,-0.7582,-0.9986,-0.7451,-0.7582,-1.1638,-0.8496,-1.2337,-1.3015,-0.9817,-1.2337,-1.4805,-1.1291,-1.2337,-1.5866,-1.2199,-1.2337,-1.7,-1.2959,-1.6373,-1.8484,-1.3674,-1.6373,-1.9508,-1.4457,-1.6373,-2.0093,-1.5201,-1.6373,-2.0964,-1.6581,-1.8855,-2.1399,-1.6359,-1.8855,-2.1469,-1.6521,-1.8855,-2.2011,-1.7208,-1.8855,-2.3694,-1.9108,-2.2204,-2.5186,-1.9503,-2.2204,-2.5279,-2.022,-2.2204,-2.5185,-2.0579,-2.2204,-2.4587,-2.0255,-2.3161,-2.379,-2.0216,-2.3161,-2.1969,-2.0273,-2.3161,-2.1721,-2.0825,-2.3161,-2.1518,-2.1624,-2.2234,-2.1498,-2.0522,-2.2234,-1.6344,-1.988,-2.2234,-1.4943,-2.0312,-2.2234,-1.594,-1.9416,-1.9782,-1.6666,-1.9423,-1.9782,-1.3393,-1.8502,-1.9782,-1.5266,-1.7419,-1.9782,-1.5009,-1.6057,-1.721,-1.4642,-1.5381,-1.721,-1.5907,-1.4695,-1.721,-1.4435,-1.4234,-1.721,-0.824,-1.3753,-1.3323,-0.607,-1.2612,-1.3323,-0.5473,-1.092,-1.3323,-0.4215,-0.8121,-1.3323,-0.4473,-0.6741,-0.6745,-0.3581,-0.5431,-0.6745,-0.281,-0.4263,-0.6745,-0.2165,-0.3755,-0.6745,-0.143,-0.2535,-0.2947,-0.1286,-0.2155,-0.2947,-0.0705,-0.1541,-0.2947,-0.0905,-0.1271,-0.2947,-0.1274,-0.0966,-0.1811,-0.1194,-0.0677,-0.1811,-0.1301,-0.0792,-0.1811,-0.0992,-0.1262,-0.1811,-0.1646,-0.1287,-0.232,-0.1408,-0.1369,-0.232,-0.1635,-0.1903,-0.232,-0.2512,-0.2402,-0.232,-0.3191,-0.2818,-0.4293,-0.3715,-0.349,-0.4293,-0.4455,-0.4133,-0.4293,-0.5008,-0.4483,-0.4293,-0.5445,-0.5514,-0.6356,-0.5842,-0.5936,-0.6356,-0.6554,-0.6289,-0.6356
2025-05-16,-0.6834,-0.6239,-0.6356,-0.7077,-0.6402,-0.7702,-0.7365,-0.7028,-0.7702,-0.7389,-0.7349,-0.7702,-0.788,-0.754,-0.7702,-0.7975,-0.7896,-0.8449,-0.8162,-0.7956,-0.8449,-0.8081,-0.8051,-0.8449,-0.849,-0.8138,-0.8449,-0.8135,-0.8345,-0.836,-0.8466,-0.8174,-0.836,-0.8479,-0.8553,-0.836,-0.8421,-0.8342,-0.836,-0.8255,-0.8153,-0.7941,-0.8168,-0.8223,-0.7941,-0.7988,-0.827,-0.7941,-0.816,-0.8241,-0.7941,-0.7845,-0.815,-0.7253,-0.7692,-0.793,-0.7253,-0.7364,-0.7581,-0.7253,-0.7342,-0.7441,-0.7253,-0.6615,-0.6838,-0.5728,-0.6176,-0.6704,-0.5728,-0.5469,-0.5887,-0.5728,-0.4979,-0.562,-0.5728,-0.3804,-0.4858,-0.4144,-0.4025,-0.4558,-0.4144,-0.3631,-0.4307,-0.4144,-0.3752,-0.4094,-0.4144,-0.3637,-0.413,-0.4203,-0.4021,-0.3916,-0.4203,-0.4687,-0.4629,-0.4203,-0.5424,-0.4163,-0.4203,-0.599,-0.4384,-0.7283,-0.6992,-0.4743,-0.7283,-0.7973,-0.6105,-0.7283,-0.9472,-0.7151,-0.7283,-1.1136,-0.7572,-1.2217,-1.2373,-0.8877,-1.2217,-1.3901,-1.0017,-1.2217,-1.5135,-1.1394,-1.2217,-1.6668,-1.2355,-1.6612,-1.7347,-1.2736,-1.6612,-1.875,-1.3848,-1.6612,-1.9919,-1.4816,-1.6612,-2.0812,-1.5849,-1.9603,-2.0915,-1.603,-1.9603,-2.1026,-1.5964,-1.9603,-2.1777,-1.7111,-1.9603,-2.3472,-1.8809,-2.3011,-2.5236,-1.9531,-2.3011,-2.5878,-2.0042,-2.3011,-2.6327,-2.0408,-2.3011,-2.5888,-2.0167,-2.3819,-2.5677,-1.974,-2.3819,-2.564,-1.9966,-2.3819,-2.5642,-2.0372,-2.3819,-2.5631,-2.0385,-2.2952,-2.5282,-1.9654,-2.2952,-2.4689,-2.0096,-2.2952,-2.2769,-2.0313,-2.2952,-2.257,-1.9455,-2.1456,-2.1822,-1.9326,-2.1456,-2.15,-1.8199,-2.1456,-2.2056,-1.7803,-2.1456,-2.1763,-1.6559,-1.8915,-2.1328,-1.6304,-1.8915,-2.0186,-1.5781,-1.8915,-2.0213,-1.4816,-1.8915,-1.8422,-1.3712,-1.4699,-1.6875,-1.236,-1.4699,-1.6111,-1.1239,-1.4699,-1.3735,-0.9217,-1.4699,-1.1258,-0.7947,-0.7851,-0.9721,-0.6902,-0.7851,-0.7707,-0.5298,-0.7851,-0.6647,-0.4177,-0.7851,-0.4791,-0.3225,-0.2768,-0.3163,-0.2706,-0.2768,-0.1952,-0.1374,-0.2768,-0.0869,-0.0862,-0.2768,-0.0663,-0.0566,-0.1303,-0.0738,-0.045,-0.1303,-0.106,-0.048,-0.1303,-0.0821,-0.0983,-0.1303,-0.105,-0.1135,-0.1632,-0.1197,-0.1221,-0.1632,-0.1643,-0.1628,-0.1632,-0.2278,-0.2198,-0.1632,-0.2505,-0.2749,-0.3366,-0.3282,-0.3355,-0.3366,-0.3616,-0.381,-0.3366,-0.3962,-0.4241,-0.3366,-0.4629,-0.5032,-0.522,-0.5154,-0.5396,-0.522,-0.5518,-0.5674,-0.522
2025-05-17,-0.5711,-0.5747,-0.522,-0.6124,-0.5654,-0.6536,-0.6111,-0.6268,-0.6536,-0.6639,-0.6508,-0.6536,-0.6852,-0.6853,-0.6536,-0.7013,-0.6977,-0.7343,-0.725,-0.7334,-0.7343,-0.7471,-0.7575,-0.7343,-0.7713,-0.7957,-0.7343,-0.7715,-0.8118,-0.7642,-0.7777,-0.7933,-0.7642,-0.786,-0.8049,-0.7642,-0.7693,-0.7852,-0.7642,-0.7608,-0.7991,-0.7433,-0.775,-0.7762,-0.7433,-0.7598,-0.7936,-0.7433,-0.7575,-0.7899,-0.7433,-0.7491,-0.7759,-0.6835,-0.7397,-0.7621,-0.6835,-0.7075,-0.7347,-0.6835,-0.7087,-0.7067,-0.6835,-0.6723,-0.6836,-0.5878,-0.629,-0.642,-0.5878,-0.6237,-0.5823,-0.5878,-0.5968,-0.5688,-0.5878,-0.5582,-0.5908,-0.6087,-0.56,-0.5958,-0.6087,-0.6201,-0.6842,-0.6087,-0.7218,-0.7649,-0.6087,-0.7949,-0.786,-0.7672,-0.8751,-0.7582,-0.7672,-0.9588,-0.7855,-0.7672,-1.0102,-0.8297,-0.7672,-1.0893,-0.8185,-1.0453,-1.1982,-0.9064,-1.0453,-1.3106,-0.9411,-1.0453,-1.4077,-1.0774,-1.0453,-1.5397,-1.0819,-1.4489,-1.6623,-1.2596,-1.4489,-1.8,-1.2862,-1.4489,-1.9448,-1.3565,-1.4489,-2.0201,-1.4623,-1.8885,-2.1669,-1.5239,-1.8885,-2.2559,-1.6364,-1.8885,-2.3757,-1.7547,-1.8885,-2.4591,-1.8649,-2.1755,-2.4938,-1.84,-2.1755,-2.5538,-1.9263,-2.1755,-2.5577,-1.8764,-2.1755,-2.6138,-1.9826,-2.3609,-2.7031,-2.0607,-2.3609,-2.7738,-2.0899,-2.3609,-2.795,-2.1573,-2.3609,-2.8527,-2.1092,-2.4746,-2.5437,-2.0843,-2.4746,-2.0879,-2.0843,-2.4746,-2.0406,-2.0946,-2.4746,-2.0463,-2.105,-2.4716,-2.14,-2.0762,-2.4716,-1.7737,-2.0364,-2.4716,-1.9655,-2.0333,-2.4716,-1.75,-2.0226,-2.3938,-1.483,-2.0462,-2.3938,-1.3844,-2.0009,-2.3938,-1.3992,-1.9114,-2.3938,-1.3001,-1.7753,-2.0739,-1.3134,-1.7237,-2.0739,-1.1702,-1.6531,-2.0739,-1.1235,-1.6078,-2.0739,-1.0433,-1.4943,-1.5895,-1.0294,-1.3738,-1.5895,-1.007,-1.2045,-1.5895,-0.8751,-1.1023,-1.5895,-0.7756,-0.9975,-0.9346,-0.6789,-0.8818,-0.9346,-0.6589,-0.7398,-0.9346,-0.6727,-0.5451,-0.9346,-0.599,-0.5077,-0.4622,-0.4853,-0.4264,-0.4622,-0.3897,-0.298,-0.4622,-0.3494,-0.3331,-0.4622,-0.3253,-0.275,-0.2918,-0.3231,-0.2352,-0.2918,-0.2923,-0.2455,-0.2918,-0.2536,-0.2512,-0.2918,-0.3097,-0.2373,-0.2888,-0.2726,-0.2792,-0.2888,-0.2957,-0.2819,-0.2888,-0.3319,-0.3341,-0.2888,-0.3673,-0.3752,-0.4233,-0.4103,-0.4097,-0.4233,-0.4526,-0.4687,-0.4233,-0.4676,-0.4714,-0.4233,-0.5304,-0.5507,-0.5967,-0.5657,-0.6035,-0.5967,-0.6152,-0.5986,-0.5967
2025-05-18,-0.6369,-0.6285,-0.5967,-0.6481,-0.6367,-0.7283,-0.6883,-0.6963,-0.7283,-0.6801,-0.7235,-0.7283,-0.7271,-0.7549,-0.7283,-0.7531,-0.7876,-0.815,-0.7844,-0.8183,-0.815,-0.8241,-0.8193,-0.815,-0.8047,-0.8397,-0.815,-0.8325,-0.8579,-0.9077,-0.8412,-0.8442,-0.9077,-0.8733,-0.8432,-0.9077,-0.8697,-0.8319,-0.9077,-0.8604,-0.8437,-0.9077,-0.8537,-0.8409,-0.9077,-0.8671,-0.8422,-0.9077,-0.8538,-0.8342,-0.9077,-0.8267,-0.8326,-0.8599,-0.822,-0.8014,-0.8599,-0.7802,-0.7959,-0.8599,-0.7928,-0.7889,-0.8599,-0.7528,-0.7496,-0.7971,-0.7202,-0.7352,-0.7971,-0.7315,-0.7235,-0.7971,-0.7126,-0.7847,-0.7971,-0.7056,-0.7861,-0.8509,-0.725,-0.8528,-0.8509,-0.7743,-0.8933,-0.8509,-0.8561,-0.8748,-0.8509,-0.9464,-0.9023,-1.0363,-1.056,-0.9448,-1.0363,-1.1774,-0.9641,-1.0363,-1.2794,-0.9803,-1.0363,-1.3529,-1.0309,-1.3383,-1.4498,-1.1085,-1.3383,-1.5756,-1.1473,-1.3383,-1.7297,-1.2382,-1.3383,-1.8259,-1.2383,-1.7569,-1.971,-1.3461,-1.7569,-2.0807,-1.4421,-1.7569,-2.1591,-1.5002,-1.7569,-2.2534,-1.567,-2.2174,-2.3827,-1.6117,-2.2174,-2.4713,-1.7827,-2.2174,-2.6003,-1.8551,-2.2174,-2.6544,-1.921,-2.5344,-2.6676,-1.9451,-2.5344,-2.7127,-1.9769,-2.5344,-2.763,-1.9011,-2.5344,-2.8143,-2.0056,-2.8244,-2.8685,-2.0751,-2.8244,-2.924,-2.1187,-2.8244,-2.9957,-2.1673,-2.8244,-3.0745,-2.1515,-2.9051,-3.0623,-2.169,-2.9051,-3.091,-2.1495,-2.9051,-3.1262,-2.2094,-2.9051,-3.1475,-2.2137,-2.8334,-3.1862,-2.1964,-2.8334,-3.1539,-2.1935,-2.8334,-3.1695,-2.2044,-2.8334,-3.0919,-2.1566,-2.6928,-3.0758,-2.1437,-2.6928,-2.994,-2.1054,-2.6928,-2.9331,-2.0048,-2.6928,-2.8225,-1.908,-2.4327,-2.7161,-1.8692,-2.4327,-2.6378,-1.7813,-2.4327,-2.4717,-1.7008,-2.4327,-2.3241,-1.5835,-1.8227,-2.1162,-1.4497,-1.8227,-1.9735,-1.3326,-1.8227,-1.7538,-1.2331,-1.8227,-1.5413,-1.0362,-1.0393,-1.3234,-0.9453,-1.0393,-1.0827,-0.8086,-1.0393,-0.9329,-0.6472,-1.0393,-0.7539,-0.5688,-0.534,-0.5476,-0.4642,-0.534,-0.3898,-0.3988,-0.534,-0.3095,-0.3874,-0.534,-0.2706,-0.3307,-0.3456,-0.2544,-0.2641,-0.3456,-0.3056,-0.2672,-0.3456,-0.2874,-0.2878,-0.3456,-0.2958,-0.283,-0.3934,-0.3117,-0.3319,-0.3934,-0.3328,-0.3232,-0.3934,-0.3625,-0.3945,-0.3934,-0.4238,-0.4498,-0.5668,-0.4644,-0.5001,-0.5668,-0.5276,-0.561,-0.5668,-0.5552,-0.5881,-0.5668,-0.6185,-0.6646,-0.7582,-0.6688,-0.7017,-0.7582,-0.7157,-0.7317,-0.7582
2025-05-19,-0.7351,-0.7722,-0.7582,-0.7852,-0.8093,-0.8928,-0.8339,-0.8445,-0.8928,-0.8202,-0.8766,-0.8928,-0.8558,-0.9154,-0.8928,-0.8545,-0.9296,-0.9645,-0.8837,-0.9406,-0.9645,-0.8825,-0.9607,-0.9645,-0.8906,-0.9701,-0.9645,-0.8964,-0.9626,-0.9914,-0.8962,-0.9509,-0.9914,-0.8818,-0.9684,-0.9914,-0.9075,-0.9537,-0.9914,-0.8923,-0.9333,-0.9705,-0.9031,-0.957,-0.9705,-0.8862,-0.9276,-0.9705,-0.8561,-0.9341,-0.9705,-0.8289,-0.9054,-0.9137,-0.8374,-0.876,-0.9137,-0.7884,-0.8713,-0.9137,-0.7659,-0.84,-0.9137,-0.7075,-0.7666,-0.7642,-0.6836,-0.7204,-0.7642,-0.63,-0.6464,-0.7642,-0.5648,-0.6133,-0.7642,-0.4636,-0.5127,-0.5698,-0.478,-0.5146,-0.5698,-0.4703,-0.4756,-0.5698,-0.4346,-0.4609,-0.5698,-0.4346,-0.4226,-0.507,-0.4441,-0.4534,-0.507,-0.5056,-0.4471,-0.507,-0.5707,-0.4845,-0.507,-0.646,-0.4889,-0.7732,-0.7781,-0.5877,-0.7732,-0.8882,-0.6745,-0.7732,-1.0419,-0.7915,-0.7732,-1.1798,-0.8539,-1.1888,-1.3353,-1.0505,-1.1888,-1.436,-1.1887,-1.1888,-1.5711,-1.2142,-1.1888,-1.6813,-1.3132,-1.5775,-1.8253,-1.3541,-1.5775,-1.9129,-1.4798,-1.5775,-2.0091,-1.562,-1.5775,-2.0037,-1.6344,-1.8915,-2.0373,-1.6423,-1.8915,-2.073,-1.685,-1.8915,-1.9587,-1.6929,-1.8915,-2.0939,-1.8649,-2.3011,-2.4572,-1.9148,-2.3011,-2.4687,-2.0038,-2.3011,-2.4888,-2.0418,-2.3011,-1.9233,-1.9802,-2.331,-2.1078,-1.9114,-2.331,-1.8447,-1.9746,-2.331,-2.3814,-2.0446,-2.331,-2.3409,-2.0688,-2.1785,-2.4593,-1.9509,-2.1785,-1.87,-1.9568,-2.1785,-1.5462,-1.9723,-2.1785,-1.6136,-1.8919,-1.9034,-1.497,-1.8438,-1.9034,-1.4528,-1.8096,-1.9034,-1.1273,-1.687,-1.9034,-0.8652,-1.5519,-1.5626,-1.2497,-1.5782,-1.5626,-1.1893,-1.5029,-1.5626,-1.0701,-1.4228,-1.5626,-1.0103,-1.2273,-1.0243,-0.8894,-1.0793,-1.0243,-1.0347,-0.997,-1.0243,-0.7293,-0.8732,-1.0243,-0.5884,-0.6544,-0.4891,-0.3558,-0.5121,-0.4891,-0.3243,-0.4076,-0.4891,-0.2748,-0.32,-0.4891,-0.1999,-0.2713,-0.2379,-0.1474,-0.2082,-0.2379,-0.1017,-0.1898,-0.2379,-0.1182,-0.1429,-0.2379,-0.0848,-0.1329,-0.208,-0.1179,-0.1215,-0.208,-0.1076,-0.1109,-0.208,-0.1215,-0.1617,-0.208,-0.1613,-0.1765,-0.3067,-0.2036,-0.1925,-0.3067,-0.2722,-0.217,-0.3067,-0.3309,-0.271,-0.3067,-0.3976,-0.3412,-0.525,-0.4685,-0.393,-0.525,-0.537,-0.4518,-0.525,-0.5642,-0.4973,-0.525,-0.6538,-0.5885,-0.7552,-0.7029,-0.6382,-0.7552,-0.7483,-0.6888,-0.7552
2025-05-20,-0.7771,-0.7331,-0.7552,-0.8029,-0.7542,-0.8898,-0.8301,-0.8092,-0.8898,-0.8726,-0.8332,-0.8898,-0.8854,-0.8628,-0.8898,-0.9049,-0.8867,-0.9735,-0.9146,-0.9019,-0.9735,-0.9303,-0.9118,-0.9735,-0.9595,-0.937,-0.9735,-0.928,-0.9299,-0.9885,-0.955,-0.9471,-0.9885,-0.9657,-0.9498,-0.9885,-0.9677,-0.9476,-0.9885,-0.9559,-0.9456,-0.9974,-0.9667,-0.9506,-0.9974,-0.9598,-0.9425,-0.9974,-0.947,-0.9506,-0.9974,-0.9413,-0.9139,-0.9586,-0.9253,-0.9124,-0.9586,-0.8878,-0.8984,-0.9586,-0.8861,-0.8614,-0.9586,-0.8463,-0.7985,-0.83,-0.7821,-0.7604,-0.83,-0.7532,-0.7116,-0.83,-0.7071,-0.672,-0.83,-0.6045,-0.6167,-0.6147,-0.5562,-0.5892,-0.6147,-0.4825,-0.5485,-0.6147,-0.427,-0.5174,-0.6147,-0.3095,-0.4484,-0.4293,-0.3041,-0.4265,-0.4293,-0.2817,-0.4102,-0.4293,-0.2689,-0.4002,-0.4293,-0.1896,-0.3584,-0.516,-0.1823,-0.4005,-0.516,-0.2467,-0.5258,-0.516,-0.3053,-0.6136,-0.516,-0.3782,-0.6887,-0.7104,-0.3687,-0.5963,-0.7104,-0.3042,-0.667,-0.7104,-0.2111,-0.6012,-0.7104,-0.2189,-0.6817,-0.8539,-0.3487,-0.6899,-0.8539,-0.4282,-0.7641,-0.8539,-0.439,-0.6152,-0.8539,-0.4393,-0.5308,-1.0602,-0.3792,-0.591,-1.0602,-0.2358,-0.4764,-1.0602,-0.127,-0.5196,-1.0602,-0.2003,-0.4343,-1.4549,-0.3045,-0.6555,-1.4549,-0.4337,-0.8257,-1.4549,-0.6947,-0.7525,-1.4549,-1.1247,-0.6126,-1.4908,-1.6303,-0.8083,-1.4908,-1.9956,-0.8575,-1.4908,-1.9953,-0.9008,-1.4908,-1.8928,-1.0457,-1.4848,-1.5119,-1.1616,-1.4848,-1.2467,-1.2035,-1.4848,-1.3621,-1.1698,-1.4848,-1.3652,-1.3082,-1.3682,-1.0812,-1.1786,-1.3682,-1.0182,-1.0368,-1.3682,-1.0816,-1.0094,-1.3682,-1.2085,-0.8749,-1.1918,-1.2162,-0.7931,-1.1918,-0.9691,-0.705,-1.1918,-0.6992,-0.6205,-1.1918,-0.5531,-0.6253,-0.827,-0.4505,-0.6022,-0.827,-0.3238,-0.5564,-0.827,-0.2282,-0.5196,-0.827,-0.1891,-0.4395,-0.3815,-0.0905,-0.3504,-0.3815,-0.0394,-0.3346,-0.3815,0.0217,-0.2566,-0.3815,0.0141,-0.2597,-0.1602,0.0228,-0.1659,-0.1602,-0.0307,-0.1455,-0.1602,-0.1188,-0.1298,-0.1602,-0.1366,-0.1462,-0.1632,-0.0716,-0.1079,-0.1632,-0.0343,-0.1346,-0.1632,-0.0846,-0.1574,-0.1632,-0.1039,-0.1881,-0.2798,-0.1198,-0.2165,-0.2798,-0.1764,-0.2453,-0.2798,-0.2538,-0.2807,-0.2798,-0.3124,-0.343,-0.4861,-0.3803,-0.3931,-0.4861,-0.4403,-0.4593,-0.4861,-0.4776,-0.5119,-0.4861,-0.5888,-0.5756,-0.7104,-0.6172,-0.6337,-0.7104,-0.6837,-0.6749,-0.7104
2025-05-21,-0.6984,-0.7077,-0.7104,-0.7262,-0.7151,-0.8449,-0.7627,-0.781,-0.8449,-0.7875,-0.7992,-0.8449,-0.8408,-0.836,-0.8449,-0.8364,-0.8448,-0.9287,-0.8824,-0.8599,-0.9287,-0.8971,-0.8796,-0.9287,-0.9191,-0.9058,-0.9287,-0.8991,-0.9183,-0.9735,-0.9202,-0.8968,-0.9735,-0.909,-0.8975,-0.9735,-0.9228,-0.8905,-0.9735,-0.9047,-0.9093,-0.9855,-0.8996,-0.91,-0.9855,-0.8962,-0.9084,-0.9855,-0.8979,-0.9163,-0.9855,-0.8784,-0.905,-0.9346,-0.8533,-0.8714,-0.9346,-0.8255,-0.8621,-0.9346,-0.8287,-0.8369,-0.9346,-0.7688,-0.7758,-0.8031,-0.7302,-0.7684,-0.8031,-0.686,-0.7133,-0.8031,-0.609,-0.6804,-0.8031,-0.5373,-0.6443,-0.5549,-0.4997,-0.6141,-0.5549,-0.4243,-0.5244,-0.5549,-0.3847,-0.4848,-0.5549,-0.2636,-0.4086,-0.3067,-0.2073,-0.4133,-0.3067,-0.167,-0.3843,-0.3067,-0.1827,-0.4257,-0.3067,-0.2124,-0.4204,-0.3785,-0.1937,-0.4909,-0.3785,-0.209,-0.632,-0.3785,-0.213,-0.6547,-0.3785,-0.2297,-0.7906,-0.5549,-0.2275,-0.8005,-0.5549,-0.0394,-0.8856,-0.5549,-0.0325,-0.8575,-0.5549,0.1086,-0.9906,-0.7971,0.1025,-1.092,-0.7971,0.0107,-1.2406,-0.7971,-0.2689,-1.4082,-0.7971,-0.6952,-1.4132,-1.1081,-1.1384,-1.3331,-1.1081,-1.2423,-1.2937,-1.1081,-1.3106,-1.3514,-1.1081,-1.6209,-1.4805,-1.5446,-1.5735,-1.5984,-1.5446,-1.3891,-1.6191,-1.5446,-1.3249,-1.6455,-1.5446,-1.2305,-1.6662,-1.7509,-1.241,-1.6295,-1.7509,-1.5329,-1.5607,-1.7509,-1.5026,-1.664,-1.7509,-1.3727,-1.5883,-1.8436,-1.5928,-1.656,-1.8436,-2.0785,-1.5661,-1.8436,-2.2463,-1.4147,-1.8436,-2.2601,-1.4139,-1.721,-2.1689,-1.5153,-1.721,-2.1822,-1.4454,-1.721,-2.1955,-1.4036,-1.721,-2.0478,-1.3177,-1.446,-1.809,-1.2908,-1.446,-1.4714,-1.168,-1.446,-1.1993,-1.1351,-1.446,-1.0283,-1.0872,-1.0124,-0.875,-0.9467,-1.0124,-0.7889,-0.8785,-1.0124,-0.6457,-0.8103,-1.0124,-0.5465,-0.6838,-0.4592,-0.3236,-0.58,-0.4592,-0.1805,-0.4952,-0.4592,-0.0678,-0.4016,-0.4592,-0.0317,-0.3071,-0.1542,0.0019,-0.2522,-0.1542,-0.0309,-0.2037,-0.1542,-0.0427,-0.1624,-0.1542,-0.0338,-0.1311,-0.1303,0.0185,-0.0891,-0.1303,-0.0282,-0.1284,-0.1303,-0.0291,-0.1596,-0.1303,-0.0482,-0.1975,-0.2409,-0.0915,-0.2068,-0.2409,-0.1378,-0.2344,-0.2409,-0.2171,-0.2982,-0.2409,-0.2733,-0.3441,-0.4592,-0.3743,-0.4141,-0.4592,-0.396,-0.4768,-0.4592,-0.4753,-0.5308,-0.4592,-0.549,-0.5987,-0.6924,-0.6075,-0.6486,-0.6924,-0.6442,-0.6825,-0.6924
2025-05-22,-0.7006,-0.6415,-0.6924,-0.6935,-0.6679,-0.8449,-0.7547,-0.6952,-0.8449,-0.7952,-0.7471,-0.8449,-0.8064,-0.7601,-0.8449,-0.8288,-0.7849,-0.9316,-0.8582,-0.7856,-0.9316,-0.874,-0.7809,-0.9316,-0.8605,-0.7953,-0.9316,-0.8939,-0.8123,-0.9586,-0.8883,-0.8138,-0.9586,-0.8853,-0.8148,-0.9586,-0.8582,-0.8216,-0.9586,-0.8567,-0.8048,-0.9526,-0.8582,-0.8017,-0.9526,-0.8738,-0.8032,-0.9526,-0.8735,-0.7972,-0.9526,-0.8377,-0.7657,-0.9047,-0.8209,-0.7792,-0.9047,-0.8015,-0.7399,-0.9047,-0.7902,-0.7271,-0.9047,-0.7102,-0.6508,-0.7433,-0.7162,-0.6249,-0.7433,-0.6279,-0.5718,-0.7433,-0.5588,-0.5335,-0.7433,-0.4792,-0.469,-0.4622,-0.3914,-0.4308,-0.4622,-0.3366,-0.458,-0.4622,-0.2555,-0.4293,-0.4622,-0.1164,-0.3378,-0.1961,-0.0334,-0.2933,-0.1961,0.0171,-0.2476,-0.1961,0.0331,-0.2053,-0.1961,0.0984,-0.1899,-0.1841,0.1277,-0.193,-0.1841,0.0862,-0.2104,-0.1841,0.0198,-0.2528,-0.1841,-0.121,-0.3074,-0.2977,-0.2775,-0.3561,-0.2977,-0.3189,-0.3018,-0.2977,-0.393,-0.2546,-0.2977,-0.5408,-0.3302,-0.528,-0.7519,-0.4178,-0.528,-0.6535,-0.4939,-0.528,-0.4536,-0.5617,-0.528,-0.3476,-0.5548,-0.7851,-0.2502,-0.4431,-0.7851,-0.3029,-0.4374,-0.7851,-0.5907,-0.7327,-0.7851,-1.0153,-0.7719,-1.3054,-1.496,-0.9576,-1.3054,-1.5651,-1.0545,-1.3054,-1.4451,-1.2088,-1.3054,-1.4849,-1.2519,-1.5626,-1.4967,-1.1858,-1.5626,-1.4347,-1.208,-1.5626,-1.6006,-1.1297,-1.5626,-1.7657,-1.329,-1.5805,-1.8101,-1.21,-1.5805,-1.8147,-1.2746,-1.5805,-1.8891,-1.2295,-1.5805,-1.7595,-1.2673,-1.4519,-1.6724,-1.2477,-1.4519,-1.5027,-1.1522,-1.4519,-1.5996,-1.1957,-1.4519,-1.7,-1.2003,-1.2486,-1.6054,-1.0464,-1.2486,-1.5757,-1.0324,-1.2486,-1.2816,-0.9446,-1.2486,-1.0687,-0.896,-0.821,-0.9804,-0.8173,-0.821,-0.7431,-0.7361,-0.821,-0.4639,-0.5599,-0.821,-0.2334,-0.4634,-0.2469,-0.1837,-0.3335,-0.2469,-0.1316,-0.3392,-0.2469,-0.0177,-0.2068,-0.2469,0.0964,-0.1548,0.0103,0.1089,-0.0764,0.0103,0.0708,-0.0078,0.0103,0.0797,-0.0006,0.0103,0.0158,-0.0181,0.0073,-0.0007,-0.0221,0.0073,-0.015,-0.0618,0.0073,0.0061,-0.0128,0.0073,0.0058,0.0119,-0.1123,-0.0022,0.0382,-0.1123,-0.0695,0.0527,-0.1123,-0.1221,-0.0052,-0.1123,-0.1931,-0.0672,-0.3366,-0.2725,-0.125,-0.3366,-0.3321,-0.182,-0.3366,-0.3943,-0.2194,-0.3366,-0.4609,-0.3268,-0.5698,-0.5256,-0.3836,-0.5698,-0.5435,-0.419,-0.5698
2025-05-23,-0.6137,-0.5516,-0.5698,-0.6321,-0.5783,-0.7164,-0.6332,-0.6341,-0.7164,-0.6886,-0.651,-0.7164,-0.6912,-0.6863,-0.7164,-0.7367,-0.7113,-0.7941,-0.7702,-0.7476,-0.7941,-0.7615,-0.7527,-0.7941,-0.778,-0.7653,-0.7941,-0.7667,-0.7717,-0.8031,-0.7925,-0.7688,-0.8031,-0.7796,-0.7742,-0.8031,-0.7865,-0.7472,-0.8031,-0.7862,-0.7806,-0.7762,-0.7482,-0.7387,-0.7762,-0.7634,-0.7681,-0.7762,-0.7517,-0.7617,-0.7762,-0.7303,-0.7332,-0.7193,-0.7117,-0.6973,-0.7193,-0.7037,-0.6983,-0.7193,-0.6726,-0.6807,-0.7193,-0.6085,-0.6155,-0.5698,-0.5662,-0.5647,-0.5698,-0.5462,-0.5176,-0.5698,-0.4778,-0.5065,-0.5698,-0.3853,-0.4507,-0.3695,-0.3411,-0.4315,-0.3695,-0.3601,-0.4142,-0.3695,-0.3509,-0.4059,-0.3695,-0.3519,-0.3797,-0.3097,-0.4223,-0.3742,-0.3097,-0.5267,-0.4054,-0.3097,-0.5883,-0.4928,-0.3097,-0.6648,-0.5757,-0.5938,-0.7918,-0.6448,-0.5938,-0.5302,-0.7402,-0.5938,-0.2638,-0.9193,-0.5938,-0.2061,-1.0367,-1.1051,-0.1711,-1.1274,-1.1051,-0.1875,-1.1507,-1.1051,-0.3113,-1.2156,-1.1051,-0.4595,-1.1919,-1.6702,-0.7205,-1.3615,-1.6702,-1.1092,-1.4903,-1.6702,-1.2392,-1.5749,-1.6702,-1.3674,-1.6004,-2.0799,-1.5686,-1.5396,-2.0799,-1.742,-1.5876,-2.0799,-1.8253,-1.709,-2.0799,-2.0168,-1.7629,-2.4297,-2.1644,-1.885,-2.4297,-2.0211,-1.9381,-2.4297,-1.7092,-1.9769,-2.4297,-1.5959,-1.9546,-2.4716,-1.9654,-1.9169,-2.4716,-1.9204,-1.8236,-2.4716,-1.5103,-1.8736,-2.4716,-1.3747,-1.9165,-2.4985,-1.4558,-1.9533,-2.4985,-1.7224,-2.0136,-2.4985,-1.6758,-2.0127,-2.4985,-1.797,-1.9039,-2.3011,-1.9153,-1.91,-2.3011,-1.9409,-1.8792,-2.3011,-1.8287,-1.793,-2.3011,-1.7204,-1.7155,-2.0559,-1.6731,-1.7091,-2.0559,-1.6272,-1.6359,-2.0559,-1.5283,-1.5154,-2.0559,-1.4401,-1.3392,-1.5028,-1.4022,-1.2835,-1.5028,-1.2635,-1.1839,-1.5028,-0.9957,-1.0421,-1.5028,-0.8692,-0.8945,-0.7672,-0.6088,-0.7276,-0.7672,-0.2859,-0.6424,-0.7672,-0.1814,-0.4939,-0.7672,-0.1663,-0.4397,-0.214,-0.2075,-0.3364,-0.214,-0.1885,-0.1911,-0.214,-0.1494,-0.1486,-0.214,-0.0993,-0.1167,-0.0525,-0.0629,-0.0851,-0.0525,-0.057,-0.1092,-0.0525,-0.0721,-0.1193,-0.0525,-0.0703,-0.1647,-0.1213,-0.0576,-0.1449,-0.1213,-0.0902,-0.1707,-0.1213,-0.1391,-0.2071,-0.1213,-0.2118,-0.2739,-0.3157,-0.2402,-0.3267,-0.3157,-0.2891,-0.3379,-0.3157,-0.3212,-0.3977,-0.3157,-0.4234,-0.4721,-0.516,-0.4387,-0.5165,-0.516,-0.4854,-0.5442,-0.516
2025-05-24,-0.4985,-0.5309,-0.516,-0.5096,-0.5421,-0.6566,-0.5634,-0.5871,-0.6566,-0.6062,-0.629,-0.6566,-0.5915,-0.6528,-0.6566,-0.6242,-0.6858,-0.7552,-0.6662,-0.6788,-0.7552,-0.699,-0.7201,-0.7552,-0.7029,-0.7287,-0.7552,-0.7472,-0.7635,-0.83,-0.7312,-0.7484,-0.83,-0.7496,-0.755,-0.83,-0.7196,-0.7353,-0.83,-0.7111,-0.7248,-0.815,-0.7432,-0.7258,-0.815,-0.7268,-0.7235,-0.815,-0.705,-0.737,-0.815,-0.6999,-0.7138,-0.7612,-0.6993,-0.6942,-0.7612,-0.6661,-0.6714,-0.7612,-0.6506,-0.6574,-0.7612,-0.594,-0.619,-0.6506,-0.5851,-0.5698,-0.6506,-0.5638,-0.5354,-0.6506,-0.5507,-0.5221,-0.6506,-0.5445,-0.4993,-0.6267,-0.5661,-0.5492,-0.6267,-0.6075,-0.6582,-0.6267,-0.6924,-0.7147,-0.6267,-0.6877,-0.7576,-0.7672,-0.7956,-0.7521,-0.7672,-0.838,-0.7693,-0.7672,-1.0215,-0.8132,-0.7672,-1.1564,-0.8278,-1.0363,-1.2346,-0.9312,-1.0363,-1.3205,-0.999,-1.0363,-1.4096,-1.1403,-1.0363,-1.5103,-1.1742,-1.4669,-1.5417,-1.3231,-1.4669,-1.5561,-1.4049,-1.4669,-1.6384,-1.4321,-1.4669,-1.8234,-1.4551,-1.9573,-2.067,-1.5011,-1.9573,-2.2249,-1.6932,-1.9573,-2.2549,-1.7464,-1.9573,-2.3502,-1.7934,-2.343,-2.4301,-1.8292,-2.343,-2.5016,-1.8097,-2.343,-2.493,-1.7859,-2.343,-2.5691,-1.8879,-2.6899,-2.671,-2.0298,-2.6899,-2.7392,-2.0471,-2.6899,-2.8021,-2.1194,-2.6899,-2.8102,-2.0972,-2.7676,-2.8176,-2.0937,-2.7676,-2.7758,-2.1172,-2.7676,-2.7936,-2.1163,-2.7676,-2.8456,-2.12,-2.7676,-2.8,-2.1371,-2.7676,-2.8246,-2.1088,-2.7676,-2.7855,-2.1136,-2.7676,-2.773,-2.0491,-2.5822,-2.7576,-2.0461,-2.5822,-2.6712,-2.0152,-2.5822,-2.6271,-1.9711,-2.5822,-2.6305,-1.9016,-2.2204,-2.4911,-1.8429,-2.2204,-2.3505,-1.7344,-2.2204,-2.2408,-1.6516,-2.2204,-2.1076,-1.5564,-1.6343,-2.0003,-1.4378,-1.6343,-1.7908,-1.3347,-1.6343,-1.5062,-1.2461,-1.6343,-1.2955,-1.0564,-0.9436,-1.0325,-0.9595,-0.9436,-0.919,-0.8146,-0.9436,-0.7854,-0.6747,-0.9436,-0.6567,-0.5838,-0.3964,-0.4339,-0.497,-0.3964,-0.341,-0.3536,-0.3964,-0.3031,-0.3666,-0.3964,-0.3072,-0.3242,-0.208,-0.2881,-0.262,-0.208,-0.2714,-0.2785,-0.208,-0.2701,-0.2397,-0.208,-0.2779,-0.2685,-0.2529,-0.2748,-0.2581,-0.2529,-0.2851,-0.3143,-0.2529,-0.3338,-0.3422,-0.2529,-0.3743,-0.3925,-0.4084,-0.4127,-0.413,-0.4084,-0.4534,-0.4725,-0.4084,-0.5068,-0.498,-0.4084,-0.5561,-0.556,-0.5908,-0.6099,-0.5912,-0.5908,-0.6502,-0.619,-0.5908
2025-05-25,-0.656,-0.658,-0.5908,-0.7012,-0.6711,-0.7223,-0.7519,-0.7196,-0.7223,-0.7823,-0.7556,-0.7223,-0.8056,-0.7929,-0.7223,-0.8414,-0.8086,-0.824,-0.8663,-0.8278,-0.824,-0.8592,-0.8601,-0.824,-0.866,-0.8667,-0.824,-0.886,-0.8835,-0.9107,-0.9088,-0.8687,-0.9107,-0.8904,-0.8813,-0.9107,-0.9112,-0.8822,-0.9107,-0.9349,-0.8785,-0.9257,-0.9287,-0.8719,-0.9257,-0.9036,-0.8564,-0.9257,-0.9049,-0.8653,-0.9257,-0.8817,-0.8502,-0.8928,-0.8758,-0.8369,-0.8928,-0.8761,-0.8279,-0.8928,-0.8765,-0.8274,-0.8928,-0.8242,-0.7823,-0.827,-0.8198,-0.772,-0.827,-0.8187,-0.7518,-0.827,-0.7876,-0.7639,-0.827,-0.7875,-0.8135,-0.839,-0.8061,-0.8065,-0.839,-0.8383,-0.8519,-0.839,-0.8656,-0.863,-0.839,-0.8903,-0.89,-0.9765,-0.9069,-0.9359,-0.9765,-0.9246,-0.9585,-0.9765,-0.9261,-0.9981,-0.9765,-0.9105,-0.9907,-1.1828,-0.9069,-1.016,-1.1828,-0.951,-1.0924,-1.1828,-0.95,-1.1188,-1.1828,-0.9099,-1.0723,-1.437,-1.1156,-1.1419,-1.437,-1.2865,-1.1363,-1.437,-1.3329,-1.2664,-1.437,-1.5464,-1.2601,-1.7779,-1.7002,-1.3799,-1.7779,-1.2742,-1.4908,-1.7779,-0.9796,-1.6728,-1.7779,-0.9983,-1.6921,-2.1157,-0.9738,-1.7376,-2.1157,-1.1734,-1.6795,-2.1157,-1.493,-1.74,-2.1157,-1.9041,-1.8178,-2.4865,-1.838,-1.9301,-2.4865,-1.7976,-2.0171,-2.4865,-2.0168,-2.0286,-2.4865,-1.9454,-1.9162,-2.5852,-2.006,-1.9273,-2.5852,-1.8709,-1.9037,-2.5852,-1.8423,-1.9481,-2.5852,-1.7867,-1.9518,-2.4865,-1.9906,-1.9496,-2.4865,-2.0475,-1.9257,-2.4865,-1.6673,-1.9429,-2.4865,-1.3423,-1.9594,-2.334,-1.4394,-1.9433,-2.334,-1.6038,-1.8149,-2.334,-1.5539,-1.7155,-2.334,-1.6929,-1.6393,-1.9363,-1.5476,-1.5546,-1.9363,-1.421,-1.4794,-1.9363,-1.2016,-1.4428,-1.9363,-0.9908,-1.3614,-1.3084,-0.8394,-1.2638,-1.3084,-0.8052,-1.1364,-1.3084,-0.7119,-1.0418,-1.3084,-0.5036,-0.9105,-0.6685,-0.3017,-0.8221,-0.6685,-0.1982,-0.6399,-0.6685,-0.2596,-0.5733,-0.6685,-0.2499,-0.5258,-0.3635,-0.1091,-0.4525,-0.3635,-0.1079,-0.3918,-0.3635,-0.1484,-0.3819,-0.3635,-0.159,-0.3453,-0.2708,-0.2132,-0.2805,-0.2708,-0.227,-0.2825,-0.2708,-0.2605,-0.2957,-0.2708,-0.2736,-0.2956,-0.3545,-0.2968,-0.3514,-0.3545,-0.3318,-0.3279,-0.3545,-0.358,-0.3798,-0.3545,-0.3852,-0.452,-0.5459,-0.4386,-0.5106,-0.5459,-0.4862,-0.56,-0.5459,-0.5213,-0.5868,-0.5459,-0.6064,-0.6619,-0.7463,-0.6369,-0.7019,-0.7463,-0.6947,-0.7479,-0.7463
2025-05-26,-0.7248,-0.783,-0.7463,-0.7226,-0.807,-0.8868,-0.7789,-0.8483,-0.8868,-0.8025,-0.8809,-0.8868,-0.8347,-0.9145,-0.8868,-0.8473,-0.9305,-0.9735,-0.8786,-0.9459,-0.9735,-0.9044,-0.9624,-0.9735,-0.9263,-0.977,-0.9735,-0.903,-0.9871,-1.0094,-0.927,-0.9827,-1.0094,-0.9111,-0.9867,-1.0094,-0.9039,-0.9921,-1.0094,-0.9168,-0.9846,-1.0034,-0.9017,-0.993,-1.0034,-0.9072,-0.9681,-1.0034,-0.8905,-0.9754,-1.0034,-0.8779,-0.968,-0.9615,-0.8592,-0.9524,-0.9615,-0.8469,-0.9413,-0.9615,-0.8068,-0.9157,-0.9615,-0.7808,-0.8246,-0.8001,-0.748,-0.7923,-0.8001,-0.6678,-0.7661,-0.8001,-0.6371,-0.7107,-0.8001,-0.5608,-0.6282,-0.534,-0.4803,-0.5893,-0.534,-0.4586,-0.5216,-0.534,-0.4044,-0.515,-0.534,-0.2906,-0.4154,-0.3785,-0.2454,-0.481,-0.3785,-0.2477,-0.4728,-0.3785,-0.2042,-0.4515,-0.3785,-0.2036,-0.5125,-0.5459,-0.1897,-0.5673,-0.5459,-0.3184,-0.7224,-0.5459,-0.6223,-0.7904,-0.5459,-0.8094,-0.9139,-1.0004,-0.9561,-0.9922,-1.0004,-0.9028,-1.0416,-1.0004,-0.7756,-1.1154,-1.0004,-0.9159,-1.0926,-1.4011,-1.0735,-1.272,-1.4011,-1.0774,-1.3787,-1.4011,-1.1709,-1.4791,-1.4011,-1.3863,-1.4786,-1.7719,-1.2174,-1.6304,-1.7719,-1.2488,-1.5537,-1.7719,-1.6561,-1.6689,-1.7719,-1.9591,-1.7641,-2.1845,-2.2362,-1.9203,-2.1845,-2.4287,-1.9636,-2.1845,-2.3022,-2.0401,-2.1845,-2.1783,-2.015,-2.1755,-2.4512,-1.8839,-2.1755,-2.5194,-1.8649,-2.1755,-2.5954,-1.9265,-2.1755,-2.5155,-1.8937,-2.0649,-2.544,-1.8826,-2.0649,-2.5178,-1.8249,-2.0649,-2.5512,-1.8276,-2.0649,-2.4835,-1.8411,-1.7599,-2.5095,-1.7967,-1.7599,-2.4926,-1.7167,-1.7599,-2.404,-1.6786,-1.7599,-2.3301,-1.5921,-1.425,-2.241,-1.528,-1.425,-2.1325,-1.5114,-1.425,-2.0281,-1.4555,-1.425,-1.9302,-1.3568,-1.0453,-1.84,-1.2214,-1.0453,-1.6658,-1.1068,-1.0453,-1.5039,-0.9976,-1.0453,-1.2692,-0.7992,-0.4502,-1.075,-0.6626,-0.4502,-0.9078,-0.5828,-0.4502,-0.6265,-0.4496,-0.4502,-0.3428,-0.3588,-0.1363,-0.3285,-0.2716,-0.1363,-0.2895,-0.233,-0.1363,-0.2323,-0.2243,-0.1363,-0.196,-0.1919,-0.1153,-0.1974,-0.1592,-0.1153,-0.1789,-0.1719,-0.1153,-0.165,-0.1921,-0.1153,-0.1842,-0.2048,-0.2409,-0.2274,-0.2363,-0.2409,-0.2345,-0.2663,-0.2409,-0.2703,-0.3123,-0.2409,-0.3318,-0.3718,-0.4771,-0.3951,-0.4253,-0.4771,-0.4233,-0.4818,-0.4771,-0.5011,-0.5234,-0.4771,-0.5942,-0.6019,-0.7074,-0.6184,-0.6573,-0.7074,-0.6656,-0.7015,-0.7074
2025-05-27,-0.7229,-0.7318,-0.7074,-0.7371,-0.7607,-0.8449,-0.7874,-0.8112,-0.8449,-0.8094,-0.848,-0.8449,-0.8452,-0.8709,-0.8449,-0.8803,-0.8973,-0.9257,-0.8862,-0.9143,-0.9257,-0.9201,-0.9246,-0.9257,-0.9247,-0.9533,-0.9257,-0.9194,-0.9436,-0.9556,-0.9251,-0.955,-0.9556,-0.9523,-0.9558,-0.9556,-0.9324,-0.9585,-0.9556,-0.9089,-0.9569,-0.9556,-0.9351,-0.9583,-0.9556,-0.9274,-0.963,-0.9556,-0.9181,-0.9742,-0.9556,-0.9025,-0.9509,-0.9047,-0.8545,-0.9384,-0.9047,-0.8671,-0.9323,-0.9047,-0.8418,-0.9191,-0.9047,-0.7889,-0.8302,-0.7612,-0.752,-0.8123,-0.7612,-0.6917,-0.7512,-0.7612,-0.624,-0.7082,-0.7612,-0.5546,-0.5987,-0.522,-0.498,-0.5788,-0.522,-0.4139,-0.5306,-0.522,-0.4141,-0.5176,-0.522,-0.4083,-0.4704,-0.3755,-0.4369,-0.4661,-0.3755,-0.3502,-0.448,-0.3755,-0.2748,-0.4915,-0.3755,-0.1519,-0.5504,-0.5758,-0.0846,-0.6486,-0.5758,-0.0599,-0.7414,-0.5758,-0.0694,-0.7686,-0.5758,-0.1688,-0.9198,-1.0812,-0.3603,-1.0686,-1.0812,-0.6057,-1.0708,-1.0812,-0.9095,-1.1491,-1.0812,-1.3936,-1.0666,-1.5566,-1.5402,-1.1492,-1.5566,-1.3024,-1.309,-1.5566,-1.2207,-1.4122,-1.5566,-1.5573,-1.4011,-1.9274,-1.8424,-1.4763,-1.9274,-1.8292,-1.5156,-1.9274,-1.7574,-1.55,-1.9274,-2.0984,-1.6916,-2.334,-2.4115,-1.8838,-2.334,-2.4139,-1.9699,-2.334,-2.3665,-2.0857,-2.334,-2.0903,-2.0063,-2.4327,-1.8561,-1.935,-2.4327,-1.7005,-1.8514,-2.4327,-1.6819,-1.8794,-2.4327,-2.052,-1.948,-2.4417,-2.2589,-1.9143,-2.4417,-2.4162,-2.0109,-2.4417,-2.4139,-2.0145,-2.4417,-2.5886,-1.9723,-2.34,-2.5562,-1.9759,-2.34,-2.3782,-1.8793,-2.34,-2.3601,-1.7803,-2.34,-2.2938,-1.7175,-1.9991,-2.2809,-1.6589,-1.9991,-2.18,-1.602,-1.9991,-2.0374,-1.4819,-1.9991,-1.8051,-1.3906,-1.3861,-1.776,-1.2301,-1.3861,-1.6606,-1.103,-1.3861,-1.4772,-1.0286,-1.3861,-1.0121,-0.8503,-0.6805,-0.8189,-0.75,-0.6805,-0.7205,-0.5517,-0.6805,-0.6309,-0.4695,-0.6805,-0.5957,-0.4195,-0.223,-0.412,-0.3274,-0.223,-0.3185,-0.2784,-0.223,-0.271,-0.2315,-0.223,-0.2064,-0.2176,-0.1452,-0.1943,-0.1843,-0.1452,-0.1777,-0.1927,-0.1452,-0.1796,-0.2346,-0.1452,-0.1691,-0.2524,-0.2409,-0.1977,-0.2767,-0.2409,-0.2121,-0.2971,-0.2409,-0.24,-0.315,-0.2409,-0.3065,-0.3647,-0.4413,-0.3815,-0.4437,-0.4413,-0.4435,-0.4862,-0.4413,-0.5062,-0.5288,-0.4413,-0.5862,-0.6101,-0.6625,-0.622,-0.6589,-0.6625,-0.6451,-0.6836,-0.6625
2025-05-28,-0.692,-0.726,-0.6625,-0.7223,-0.7415,-0.818,-0.7596,-0.7869,-0.818,-0.8038,-0.8231,-0.818,-0.8361,-0.8459,-0.818,-0.885,-0.8623,-0.9077,-0.9038,-0.8899,-0.9077,-0.9037,-0.8951,-0.9077,-0.9324,-0.9096,-0.9077,-0.9366,-0.9074,-0.8988,-0.9469,-0.9237,-0.8988,-0.9499,-0.9242,-0.8988,-0.9369,-0.9271,-0.8988,-0.941,-0.9187,-0.8898,-0.9096,-0.9299,-0.8898,-0.9495,-0.9338,-0.8898,-0.936,-0.919,-0.8898,-0.9325,-0.9027,-0.839,-0.902,-0.8924,-0.839,-0.8875,-0.8633,-0.839,-0.8679,-0.8342,-0.839,-0.8211,-0.7698,-0.6984,-0.7667,-0.742,-0.6984,-0.7314,-0.7037,-0.6984,-0.682,-0.649,-0.6984,-0.5826,-0.5338,-0.4981,-0.5586,-0.5344,-0.4981,-0.5439,-0.4486,-0.4981,-0.6291,-0.4508,-0.4981,-0.5941,-0.3633,-0.4562,-0.5908,-0.3835,-0.4562,-0.6683,-0.3832,-0.4562,-0.5458,-0.3582,-0.4562,-0.59,-0.3514,-0.7283,-0.8488,-0.4492,-0.7283,-0.9724,-0.5878,-0.7283,-0.804,-0.6409,-0.7283,-1.1055,-0.7666,-1.1529,-1.3644,-0.8447,-1.1529,-1.4853,-0.8663,-1.1529,-1.4785,-0.9973,-1.1529,-1.5846,-0.9684,-1.419,-1.6774,-1.008,-1.419,-1.3968,-0.9822,-1.419,-1.2218,-0.913,-1.419,-1.1123,-1.038,-1.6642,-0.8828,-1.0744,-1.6642,-0.493,-1.0828,-1.6642,-0.4712,-1.1536,-1.6642,-0.4994,-1.2254,-1.9005,-0.7788,-1.2766,-1.9005,-0.9208,-1.25,-1.9005,-1.0289,-1.2416,-1.9005,-0.4584,-1.2228,-1.7091,-0.3387,-1.1657,-1.7091,-0.1283,-1.12,-1.7091,-0.0993,-1.1145,-1.7091,-0.2288,-1.067,-1.2366,-0.2564,-0.9773,-1.2366,-0.1856,-0.8439,-1.2366,-0.1619,-0.8366,-1.2366,-0.1163,-0.5911,-0.7552,-0.0872,-0.4167,-0.7552,0.0033,-0.411,-0.7552,-0.0014,-0.354,-0.7552,-0.0364,-0.3454,-0.3426,-0.1793,-0.3178,-0.3426,-0.178,-0.2787,-0.3426,-0.0041,-0.2431,-0.3426,-0.0123,-0.2149,-0.1721,-0.0894,-0.1325,-0.1721,-0.0163,-0.1912,-0.1721,0.0345,-0.2154,-0.1721,0.0752,-0.111,-0.0017,0.1207,-0.0446,-0.0017,0.1348,-0.0301,-0.0017,0.1478,-0.0121,-0.0017,0.1155,-0.063,0.0132,0.0643,-0.0641,0.0132,0.0069,-0.0902,0.0132,-0.0066,-0.1071,0.0132,-0.0124,-0.1375,-0.0974,-0.0063,-0.1245,-0.0974,-0.0301,-0.1432,-0.0974,-0.0622,-0.1776,-0.0974,-0.1164,-0.2303,-0.205,-0.1348,-0.2492,-0.205,-0.1566,-0.2729,-0.205,-0.2012,-0.3028,-0.205,-0.2518,-0.3613,-0.4114,-0.3138,-0.4022,-0.4114,-0.3834,-0.4603,-0.4114,-0.3921,-0.5177,-0.4114,-0.4763,-0.5827,-0.6416,-0.5201,-0.6397,-0.6416,-0.5878,-0.6793,-0.6416
2025-05-29,-0.6242,-0.709,-0.6416,-0.6298,-0.7233,-0.7762,-0.6744,-0.7705,-0.7762,-0.707,-0.795,-0.7762,-0.7433,-0.8184,-0.7762,-0.7634,-0.8467,-0.8539,-0.7977,-0.8697,-0.8539,-0.8067,-0.8906,-0.8539,-0.8126,-0.8968,-0.8539,-0.8363,-0.8981,-0.9167,-0.8708,-0.9189,-0.9167,-0.8519,-0.9285,-0.9167,-0.8876,-0.9407,-0.9167,-0.8613,-0.9197,-0.9167,-0.8695,-0.9257,-0.9167,-0.8618,-0.9259,-0.9167,-0.8461,-0.9088,-0.9167,-0.8198,-0.899,-0.8838,-0.7972,-0.8939,-0.8838,-0.798,-0.8692,-0.8838,-0.7861,-0.8549,-0.8838,-0.7377,-0.7745,-0.8001,-0.7333,-0.7406,-0.8001,-0.6972,-0.6968,-0.8001,-0.7113,-0.6335,-0.8001,-0.678,-0.5485,-0.7762,-0.7021,-0.5011,-0.7762,-0.7458,-0.4643,-0.7762,-0.8652,-0.4372,-0.7762,-0.9423,-0.3533,-0.9077,-1.0282,-0.3523,-0.9077,-1.2611,-0.3616,-0.9077,-1.3389,-0.3411,-0.9077,-1.4615,-0.3822,-1.1828,-1.5382,-0.5026,-1.1828,-1.5072,-0.5883,-1.1828,-1.6819,-0.6888,-1.1828,-1.7998,-0.8565,-1.5775,-1.8411,-0.9394,-1.5775,-1.9751,-1.0458,-1.5775,-1.9664,-1.1624,-1.5775,-1.9906,-1.2361,-1.9961,-2.2258,-1.2577,-1.9961,-2.3785,-1.4429,-1.9961,-2.4805,-1.5125,-1.9961,-2.585,-1.5701,-2.34,-2.6328,-1.5348,-2.34,-2.6431,-1.5821,-2.34,-2.6527,-1.6503,-2.34,-2.707,-1.7764,-2.6241,-2.7811,-1.9219,-2.6241,-2.895,-2.0083,-2.6241,-2.9518,-1.9519,-2.6241,-2.9946,-1.9184,-2.6659,-2.9808,-1.9539,-2.6659,-3.0349,-1.9355,-2.6659,-3.009,-1.9572,-2.6659,-3.0356,-2.0177,-2.6809,-2.9668,-1.9851,-2.6809,-2.9666,-1.9527,-2.6809,-2.9613,-1.9515,-2.6809,-2.9397,-1.9412,-2.4177,-2.892,-1.8506,-2.4177,-2.898,-1.8116,-2.4177,-2.8744,-1.6848,-2.4177,-2.726,-1.6266,-2.1576,-2.6492,-1.552,-2.1576,-2.4917,-1.4668,-2.1576,-2.3674,-1.3863,-2.1576,-2.1719,-1.291,-1.6523,-2.0183,-1.1884,-1.6523,-1.8043,-0.9794,-1.6523,-1.6374,-0.9104,-1.6523,-1.5262,-0.7796,-0.9107,-1.2858,-0.6999,-0.9107,-1.0452,-0.5635,-0.9107,-0.818,-0.4812,-0.9107,-0.6511,-0.4233,-0.4293,-0.5646,-0.3055,-0.4293,-0.478,-0.2524,-0.4293,-0.4465,-0.2033,-0.4293,-0.3444,-0.1812,-0.2439,-0.3391,-0.1507,-0.2439,-0.3554,-0.1621,-0.2439,-0.3277,-0.2092,-0.2439,-0.3783,-0.2236,-0.2858,-0.3688,-0.2387,-0.2858,-0.3342,-0.2688,-0.2858,-0.3916,-0.2964,-0.2858,-0.3977,-0.3373,-0.4592,-0.4539,-0.3874,-0.4592,-0.519,-0.4558,-0.4592,-0.5379,-0.5019,-0.4592,-0.6228,-0.5634,-0.6745,-0.6489,-0.6332,-0.6745,-0.6996,-0.6568,-0.6745
2025-05-30,-0.7448,-0.683,-0.6745,-0.763,-0.6962,-0.818,-0.8006,-0.7425,-0.818,-0.8329,-0.7738,-0.818,-0.8543,-0.8046,-0.818,-0.8797,-0.8246,-0.9137,-0.9106,-0.8487,-0.9137,-0.9321,-0.8645,-0.9137,-0.9444,-0.8744,-0.9137,-0.967,-0.8908,-0.9586,-0.9447,-0.9012,-0.9586,-0.9768,-0.9095,-0.9586,-0.9663,-0.9144,-0.9586,-0.961,-0.9202,-0.9496,-0.9436,-0.9067,-0.9496,-0.9625,-0.9051,-0.9496,-0.9594,-0.9,-0.9496,-0.9356,-0.8917,-0.9077,-0.9048,-0.8781,-0.9077,-0.9121,-0.8679,-0.9077,-0.878,-0.8336,-0.9077,-0.8338,-0.7678,-0.7732,-0.813,-0.7353,-0.7732,-0.8001,-0.7127,-0.7732,-0.7466,-0.6433,-0.7732,-0.7134,-0.5907,-0.6057,-0.7343,-0.5587,-0.6057,-0.7778,-0.5403,-0.6057,-0.7805,-0.5448,-0.6057,-0.8237,-0.5286,-0.6326,-0.7731,-0.5986,-0.6326,-0.8621,-0.6085,-0.6326,-0.8398,-0.6227,-0.6326,-0.9871,-0.6469,-0.9017,-1.0621,-0.7307,-0.9017,-1.2458,-0.8403,-0.9017,-1.3302,-0.9055,-0.9017,-1.4718,-1.021,-1.3114,-1.5879,-1.1346,-1.3114,-1.7415,-1.2174,-1.3114,-1.8696,-1.2692,-1.3114,-1.9419,-1.2536,-1.7569,-2.0926,-1.2563,-1.7569,-2.1715,-1.3804,-1.7569,-2.2838,-1.4468,-1.7569,-2.3651,-1.5413,-2.1157,-2.4061,-1.5008,-2.1157,-2.4104,-1.5246,-2.1157,-2.4043,-1.5603,-2.1157,-2.4897,-1.6952,-2.4387,-2.5926,-1.822,-2.4387,-2.6518,-1.9569,-2.4387,-2.7303,-1.9762,-2.4387,-2.7525,-1.9255,-2.4566,-2.7784,-1.9113,-2.4566,-2.7838,-1.9749,-2.4566,-2.7789,-1.9326,-2.4566,-2.7712,-1.9723,-2.4716,-2.788,-1.9965,-2.4716,-2.7864,-1.948,-2.4716,-2.7464,-1.9717,-2.4716,-2.703,-1.8973,-2.3938,-2.6411,-1.8715,-2.3938,-2.5914,-1.819,-2.3938,-2.5135,-1.7184,-2.3938,-2.4189,-1.6327,-2.053,-2.3495,-1.5816,-2.053,-2.2289,-1.5109,-2.053,-2.1208,-1.4144,-2.053,-1.9897,-1.3626,-1.428,-1.8385,-1.1861,-1.428,-1.6621,-1.0714,-1.428,-1.4952,-1.0149,-1.428,-1.3175,-0.8252,-0.7253,-1.1623,-0.6697,-0.7253,-0.9493,-0.5733,-0.7253,-0.7803,-0.4108,-0.7253,-0.62,-0.3182,-0.2499,-0.4597,-0.2782,-0.2499,-0.3578,-0.2054,-0.2499,-0.2444,-0.1593,-0.2499,-0.2024,-0.1783,-0.1422,-0.1972,-0.1495,-0.1422,-0.2329,-0.1568,-0.1422,-0.2697,-0.2117,-0.1422,-0.2928,-0.2137,-0.211,-0.3005,-0.2444,-0.211,-0.3168,-0.2645,-0.211,-0.324,-0.2828,-0.211,-0.4085,-0.3463,-0.3994,-0.442,-0.3925,-0.3994,-0.4826,-0.4419,-0.3994,-0.5206,-0.4947,-0.3994,-0.6211,-0.5657,-0.6237,-0.6427,-0.5838,-0.6237,-0.7022,-0.6336,-0.6237
2025-05-31,-0.7322,-0.6862,-0.6237,-0.7387,-0.7096,-0.7014,-0.7928,-0.7484,-0.7014,-0.8225,-0.7829,-0.7014,-0.8673,-0.8184,-0.7014,-0.8734,-0.8471,-0.815,-0.8994,-0.8725,-0.815,-0.9586,-0.898,-0.815,-0.9699,-0.9309,-0.815,-0.9919,-0.9565,-0.8479,-0.9903,-0.953,-0.8479,-1.0248,-0.9707,-0.8479,-1.019,-0.9596,-0.8479,-1.0084,-0.9599,-0.8509,-1.0121,-0.9637,-0.8509,-1.0214,-0.9585,-0.8509,-1.0206,-0.975,-0.8509,-1.0248,-0.9668,-0.8031,-1.0346,-0.9525,-0.8031,-1.0101,-0.9429,-0.8031,-1.0235,-0.9263,-0.8031,-0.9875,-0.89,-0.7343,-0.9438,-0.8789,-0.7343,-0.9543,-0.8425,-0.7343,-0.9094,-0.8071,-0.7343,-0.9127,-0.7845,-0.7044,-0.9548,-0.7942,-0.7044,-0.9878,-0.8168,-0.7044,-1.0666,-0.8581,-0.7044,-1.1582,-0.8482,-0.9645,-1.1541,-0.8435,-0.9645,-1.0966,-0.8707,-0.9645,-1.2656,-0.9049,-0.9645,-1.532,-0.906,-1.2606,-1.3849,-0.9619,-1.2606,-1.1972,-1.041,-1.2606,-1.3594,-1.0995,-1.2606,-1.591,-1.1321,-1.6104,-1.7253,-1.2454,-1.6104,-1.8782,-1.3132,-1.6104,-1.8443,-1.39,-1.6104,-2.0466,-1.4253,-2.0201,-1.9514,-1.4856,-2.0201,-1.9278,-1.5825,-2.0201,-2.1323,-1.6827,-2.0201,-2.1401,-1.7483,-2.3639,-2.1275,-1.7786,-2.3639,-2.1034,-1.7676,-2.3639,-2.2018,-1.7862,-2.3639,-2.133,-1.8973,-2.5942,-2.2481,-1.9743,-2.5942,-2.4263,-2.0208,-2.5942,-2.5,-2.0045,-2.5942,-2.6669,-1.9943,-2.7497,-2.7406,-1.9927,-2.7497,-2.6697,-2.0508,-2.7497,-2.7843,-2.0797,-2.7497,-2.8317,-2.0917,-2.7526,-2.853,-2.0436,-2.7526,-2.7719,-2.0442,-2.7526,-2.8284,-2.0903,-2.7526,-2.7884,-2.0343,-2.648,-2.6539,-1.9891,-2.648,-2.673,-1.9476,-2.648,-2.6332,-1.854,-2.648,-2.6083,-1.7817,-2.331,-2.5223,-1.7358,-2.331,-2.382,-1.6269,-2.331,-2.2781,-1.5421,-2.331,-2.1143,-1.4625,-1.6911,-1.9953,-1.3887,-1.6911,-1.8376,-1.2407,-1.6911,-1.6892,-1.1578,-1.6911,-1.5155,-0.994,-0.9885,-1.3658,-0.8145,-0.9885,-1.1349,-0.6993,-0.9885,-0.9774,-0.5964,-0.9885,-0.7754,-0.5247,-0.4383,-0.6271,-0.4687,-0.4383,-0.4895,-0.389,-0.4383,-0.384,-0.37,-0.4383,-0.3364,-0.3803,-0.2828,-0.3337,-0.3086,-0.2828,-0.3498,-0.3042,-0.2828,-0.3248,-0.3228,-0.2828,-0.3819,-0.3469,-0.3037,-0.4038,-0.3677,-0.3037,-0.4161,-0.3734,-0.3037,-0.4474,-0.3654,-0.3037,-0.4757,-0.4207,-0.4263,-0.5169,-0.464,-0.4263,-0.5695,-0.5039,-0.4263,-0.5887,-0.5345,-0.4263,-0.6747,-0.6042,-0.6207,-0.7166,-0.6389,-0.6207,-0.7397,-0.6842,-0.6207
2025-06-01,-0.7698,-0.7496,-0.6207,-0.8152,-0.7528,-0.7253,-0.8638,-0.8098,-0.7253,-0.8893,-0.8337,-0.7253,-0.9267,-0.8655,-0.7253,-0.9424,-0.8892,-0.83,-0.9793,-0.9237,-0.83,-0.9971,-0.9362,-0.83,-1.0272,-0.9586,-0.83,-1.0279,-0.9631,-0.9167,-1.0475,-0.9714,-0.9167,-1.0754,-0.988,-0.9167,-1.064,-0.9863,-0.9167,-1.0508,-0.9826,-0.9316,-1.073,-0.984,-0.9316,-1.0864,-0.9863,-0.9316,-1.078,-0.9933,-0.9316,-1.0914,-0.998,-0.8898,-1.0731,-0.9793,-0.8898,-1.0895,-0.9665,-0.8898,-1.08,-0.9673,-0.8898,-1.038,-0.9287,-0.824,-1.0211,-0.9256,-0.824,-1.0334,-0.904,-0.824,-1.0326,-0.8944,-0.824,-1.0394,-0.8828,-0.8539,-1.0887,-0.8903,-0.8539,-1.1763,-0.8968,-0.8539,-1.3122,-0.9139,-0.8539,-1.3872,-0.9261,-1.1888,-1.3183,-0.9786,-1.1888,-1.2551,-0.9716,-1.1888,-1.3159,-1.0253,-1.1888,-1.5167,-1.086,-1.4878,-1.6004,-1.0723,-1.4878,-1.7246,-1.1697,-1.4878,-1.8323,-1.2337,-1.4878,-1.914,-1.275,-1.8167,-2.0369,-1.3854,-1.8167,-2.0784,-1.4099,-1.8167,-2.2935,-1.5,-1.8167,-2.2962,-1.5174,-2.1755,-2.4248,-1.6079,-2.1755,-2.4374,-1.732,-2.1755,-2.5005,-1.7924,-2.1755,-2.6634,-1.8379,-2.5942,-2.7093,-1.8518,-2.5942,-2.6878,-1.9289,-2.5942,-2.5825,-1.8608,-2.5942,-2.4953,-1.9587,-2.7736,-2.4406,-1.993,-2.7736,-2.0756,-2.0564,-2.7736,-2.2887,-2.0794,-2.7736,-2.9637,-2.0665,-2.9231,-3.0063,-2.0414,-2.9231,-3.0024,-1.984,-2.9231,-3.0506,-2.0815,-2.9231,-2.8388,-2.1249,-2.9231,-2.7826,-2.1183,-2.9231,-2.9434,-2.1468,-2.9231,-3.0616,-2.1709,-2.9231,-2.9004,-2.1064,-2.8334,-2.8523,-2.0127,-2.8334,-2.7764,-1.9618,-2.8334,-2.5254,-1.8708,-2.8334,-2.6003,-1.8055,-2.5045,-2.3653,-1.7421,-2.5045,-2.045,-1.6909,-2.5045,-1.4367,-1.6176,-2.5045,-0.821,-1.4462,-1.8167,-0.6074,-1.3867,-1.8167,-0.5373,-1.1814,-1.8167,-0.8236,-1.1273,-1.8167,-0.9461,-0.9535,-1.0991,-0.9176,-0.8478,-1.0991,-0.748,-0.7311,-1.0991,-0.6427,-0.6223,-1.0991,-0.5971,-0.5558,-0.4712,-0.6272,-0.4631,-0.4712,-0.6442,-0.4318,-0.4712,-0.5614,-0.3874,-0.4712,-0.488,-0.3662,-0.3217,-0.4527,-0.2985,-0.3217,-0.461,-0.2888,-0.3217,-0.4392,-0.32,-0.3217,-0.4357,-0.3584,-0.3516,-0.4221,-0.3866,-0.3516,-0.4628,-0.3681,-0.3516,-0.5174,-0.3933,-0.3516,-0.5556,-0.4669,-0.5011,-0.6214,-0.5218,-0.5011,-0.6447,-0.5506,-0.5011,-0.736,-0.597,-0.5011,-0.8044,-0.6734,-0.7104,-0.818,-0.711,-0.7104,-0.8753,-0.7458,-0.7104
2025-06-02,-0.9041,-0.8189,-0.7104,-0.9459,-0.8253,-0.9017,-0.9609,-0.8734,-0.9017,-1.0149,-0.9088,-0.9017,-1.0061,-0.9264,-0.9017,-1.0305,-0.9514,-0.9885,-1.0463,-0.9653,-0.9885,-1.0784,-0.9832,-0.9885,-1.0961,-0.9973,-0.9885,-1.0938,-1.0117,-1.0632,-1.0924,-1.0097,-1.0632,-1.1051,-1.0086,-1.0632,-1.1132,-1.0147,-1.0632,-1.1156,-1.0064,-1.0662,-1.1136,-1.0048,-1.0662,-1.0974,-1.0228,-1.0662,-1.1099,-1.0148,-1.0662,-1.0869,-1.0007,-1.0333,-1.0934,-0.993,-1.0333,-1.0469,-0.9758,-1.0333,-1.0454,-0.9406,-1.0333,-0.9987,-0.888,-0.8778,-0.9702,-0.8517,-0.8778,-0.89,-0.8026,-0.8778,-0.8441,-0.7403,-0.8778,-0.7548,-0.6509,-0.6027,-0.7355,-0.6143,-0.6027,-0.6582,-0.5674,-0.6027,-0.5445,-0.5601,-0.6027,-0.4038,-0.4378,-0.3067,-0.3079,-0.4051,-0.3067,-0.2785,-0.3281,-0.3067,-0.3122,-0.2593,-0.3067,-0.3408,-0.2151,-0.211,-0.3553,-0.2057,-0.211,-0.3864,-0.1843,-0.211,-0.7722,-0.233,-0.211,-1.2219,-0.3155,-0.3007,-1.1035,-0.2692,-0.3007,-1.0414,-0.3224,-0.3007,-1.0576,-0.3095,-0.3007,-1.345,-0.3122,-0.2798,-1.275,-0.327,-0.2798,-1.1899,-0.5134,-0.2798,-1.1133,-0.4504,-0.2798,-1.2636,-0.3596,-0.3456,-1.1439,-0.4623,-0.3456,-1.1785,-0.444,-0.3456,-1.4865,-0.4635,-0.3456,-1.8879,-0.5404,-0.7223,-1.6664,-0.5856,-0.7223,-1.6793,-0.4576,-0.7223,-1.6539,-0.5019,-0.7223,-1.3512,-0.457,-0.9466,-1.0361,-0.5264,-0.9466,-0.9658,-0.6555,-0.9466,-0.8304,-0.5805,-0.9466,-0.7077,-0.8241,-1.1738,-0.7361,-1.0367,-1.1738,-0.6338,-0.7812,-1.1738,-0.58,-0.8802,-1.1738,-0.6129,-0.7607,-1.2695,-0.6662,-0.742,-1.2695,-0.5637,-0.6257,-1.2695,-0.5732,-0.4512,-1.2695,-0.8418,-0.2842,-1.2157,-1.1059,-0.3115,-1.2157,-1.1098,-0.3606,-1.2157,-1.0945,-0.3789,-1.2157,-1.2111,-0.3785,-0.9257,-0.7391,-0.3686,-0.9257,-0.5053,-0.3287,-0.9257,-0.3374,-0.2851,-0.9257,-0.2431,-0.3055,-0.4951,-0.1019,-0.1769,-0.4951,0.0025,-0.1984,-0.4951,-0.0112,-0.1369,-0.4951,0.0084,-0.1841,-0.1961,-0.0228,-0.1645,-0.1961,-0.0257,-0.1923,-0.1961,-0.0467,-0.1822,-0.1961,-0.0891,-0.1943,-0.1572,-0.1356,-0.1814,-0.1572,-0.1729,-0.1818,-0.1572,-0.2108,-0.2097,-0.1572,-0.2774,-0.2648,-0.2678,-0.2707,-0.2727,-0.2678,-0.3369,-0.3158,-0.2678,-0.3651,-0.325,-0.2678,-0.4507,-0.4119,-0.4742,-0.5028,-0.446,-0.4742,-0.5642,-0.4918,-0.4742,-0.6394,-0.5552,-0.4742,-0.7043,-0.6207,-0.7104,-0.7354,-0.6706,-0.7104,-0.79,-0.7102,-0.7104
2025-06-03,-0.8288,-0.8002,-0.7104,-0.8454,-0.8091,-0.8629,-0.9023,-0.8571,-0.8629,-0.9266,-0.8951,-0.8629,-0.9254,-0.9,-0.8629,-0.9282,-0.9261,-0.9496,-0.9785,-0.9481,-0.9496,-0.9934,-0.9551,-0.9496,-0.9977,-0.9655,-0.9496,-0.9979,-0.9859,-0.9885,-1.0006,-0.9947,-0.9885,-0.999,-0.9949,-0.9885,-1.0207,-0.9966,-0.9885,-1.0017,-1.0,-0.9914,-1.0086,-0.9977,-0.9914,-1.0026,-1.0052,-0.9914,-0.9978,-1.0076,-0.9914,-0.9727,-0.9992,-0.9526,-0.9701,-0.9959,-0.9526,-0.9476,-0.9837,-0.9526,-0.9285,-0.948,-0.9526,-0.8835,-0.8908,-0.827,-0.8376,-0.8665,-0.827,-0.7992,-0.828,-0.827,-0.7742,-0.7653,-0.827,-0.7104,-0.6875,-0.5758,-0.7185,-0.6478,-0.5758,-0.6642,-0.6151,-0.5758,-0.6251,-0.5493,-0.5758,-0.5935,-0.502,-0.4144,-0.6554,-0.4808,-0.4144,-0.7082,-0.4833,-0.4144,-0.711,-0.4693,-0.4144,-0.763,-0.5122,-0.513,-0.6718,-0.5963,-0.513,-0.5774,-0.6659,-0.513,-0.6628,-0.7639,-0.513,-0.8604,-0.7819,-0.8569,-1.1415,-0.9089,-0.8569,-1.2133,-1.0117,-0.8569,-1.1807,-0.9993,-0.8569,-1.4642,-0.9368,-1.12,-1.6849,-0.9083,-1.12,-1.5971,-0.9438,-1.12,-1.2053,-1.0216,-1.12,-0.8755,-1.169,-1.4639,-1.1652,-1.0463,-1.4639,-1.4875,-1.048,-1.4639,-1.7983,-1.1328,-1.4639,-2.0583,-1.2931,-1.9274,-2.1886,-1.4408,-1.9274,-2.1816,-1.3688,-1.9274,-2.1068,-1.3587,-1.9274,-1.9792,-1.3566,-2.1337,-2.3209,-1.448,-2.1337,-2.279,-1.3474,-2.1337,-2.1935,-1.3807,-2.1337,-1.9809,-1.231,-2.1995,-1.9937,-1.3206,-2.1995,-1.7715,-1.2198,-2.1995,-2.1951,-1.1244,-2.1995,-2.4068,-1.0815,-2.1247,-1.8838,-1.072,-2.1247,-1.8961,-1.1363,-2.1247,-1.8049,-1.0427,-2.1247,-1.5504,-0.965,-1.8556,-1.252,-0.8982,-1.8556,-0.9526,-0.9968,-1.8556,-0.8757,-0.9281,-1.8556,-1.1834,-0.9904,-1.2845,-1.0432,-0.8665,-1.2845,-0.9212,-0.7556,-1.2845,-0.8722,-0.656,-1.2845,-0.8147,-0.6055,-0.6356,-0.8122,-0.5277,-0.6356,-0.8255,-0.4646,-0.6356,-0.6755,-0.4918,-0.6356,-0.3799,-0.4157,-0.2828,-0.2281,-0.3355,-0.2828,-0.183,-0.318,-0.2828,-0.1971,-0.2765,-0.2828,-0.2261,-0.2665,-0.202,-0.2319,-0.2312,-0.202,-0.2106,-0.2364,-0.202,-0.2084,-0.277,-0.202,-0.2512,-0.2904,-0.2858,-0.2611,-0.3174,-0.2858,-0.2771,-0.3381,-0.2858,-0.3301,-0.363,-0.2858,-0.4082,-0.4266,-0.4771,-0.4692,-0.4681,-0.4771,-0.5281,-0.5368,-0.4771,-0.5757,-0.571,-0.4771,-0.654,-0.6556,-0.7044,-0.708,-0.6987,-0.7044,-0.754,-0.7472,-0.7044
2025-06-04,-0.7997,-0.7746,-0.7044,-0.8529,-0.7905,-0.8479,-0.8716,-0.8351,-0.8479,-0.9151,-0.8687,-0.8479,-0.9256,-0.8899,-0.8479,-0.9681,-0.9212,-0.9466,-0.9762,-0.9313,-0.9466,-0.9846,-0.9626,-0.9466,-1.0129,-0.9689,-0.9466,-1.0144,-0.9898,-1.0184,-1.0078,-0.9938,-1.0184,-1.0224,-0.9915,-1.0184,-1.0196,-1.0099,-1.0184,-1.0361,-1.0046,-1.0214,-1.0417,-0.9885,-1.0214,-1.0114,-1.0021,-1.0214,-1.0609,-1.0124,-1.0214,-1.0397,-0.9852,-0.9914,-1.0191,-0.9916,-0.9914,-1.0141,-0.9559,-0.9914,-0.978,-0.95,-0.9914,-0.9271,-0.884,-0.8569,-0.9137,-0.8582,-0.8569,-0.8567,-0.797,-0.8569,-0.7517,-0.7487,-0.8569,-0.6676,-0.6493,-0.6147,-0.6872,-0.6623,-0.6147,-0.6705,-0.6127,-0.6147,-0.5843,-0.5632,-0.6147,-0.52,-0.496,-0.3635,-0.4615,-0.4602,-0.3635,-0.2762,-0.4162,-0.3635,-0.1592,-0.4189,-0.3635,-0.0941,-0.3883,-0.3635,-0.3604,-0.394,-0.3635,-0.3348,-0.4329,-0.3635,-0.4429,-0.4833,-0.3635,-0.6752,-0.5299,-0.6356,-0.5497,-0.551,-0.6356,-0.6708,-0.6361,-0.6356,-0.4343,-0.6973,-0.6356,-0.1081,-0.7609,-0.8479,-0.4491,-0.844,-0.8479,-0.9817,-0.8827,-0.8479,-1.0965,-0.9264,-0.8479,-1.4429,-0.9555,-1.141,-1.0944,-1.0057,-1.141,-0.7407,-1.0678,-1.141,-0.5755,-1.0259,-1.141,-0.5687,-1.0115,-1.6403,-0.6517,-1.0533,-1.6403,-0.5731,-1.1146,-1.6403,-0.6929,-1.0795,-1.6403,-0.6646,-0.9588,-1.6463,-0.6889,-0.9744,-1.6463,-0.8305,-0.9962,-1.6463,-1.0247,-1.0103,-1.6463,-1.4369,-1.1044,-1.5058,-1.2052,-0.9989,-1.5058,-0.8735,-0.9719,-1.5058,-0.908,-1.0567,-1.5058,-0.6283,-0.8638,-1.2307,-0.6455,-0.8946,-1.2307,-0.7837,-0.8588,-1.2307,-1.7104,-0.7939,-1.2307,-1.9623,-0.7369,-0.8659,-1.39,-0.6328,-0.8659,-1.3887,-0.5207,-0.8659,-1.238,-0.5828,-0.8659,-0.7955,-0.5576,-0.5758,-0.4916,-0.5258,-0.5758,-0.4133,-0.4235,-0.5758,-0.4467,-0.4416,-0.5758,-0.1852,-0.3796,-0.1961,-0.0063,-0.3159,-0.1961,-0.046,-0.2921,-0.1961,-0.1175,-0.2544,-0.1961,-0.0554,-0.1904,-0.0675,-0.041,-0.1972,-0.0675,-0.0673,-0.1638,-0.0675,-0.1884,-0.1742,-0.0675,-0.1641,-0.214,-0.1183,-0.1508,-0.1864,-0.1183,-0.167,-0.2286,-0.1183,-0.1596,-0.2527,-0.1183,-0.2334,-0.2808,-0.2439,-0.2135,-0.292,-0.2439,-0.2379,-0.3262,-0.2439,-0.312,-0.3582,-0.2439,-0.378,-0.4254,-0.4592,-0.4247,-0.4702,-0.4592,-0.4995,-0.5427,-0.4592,-0.5694,-0.5834,-0.4592,-0.6172,-0.6377,-0.6894,-0.6769,-0.6928,-0.6894,-0.7263,-0.7308,-0.6894
2025-06-05,-0.7524,-0.74,-0.6894,-0.794,-0.7688,-0.8449,-0.8377,-0.8107,-0.8449,-0.876,-0.8364,-0.8449,-0.8907,-0.8728,-0.8449,-0.9008,-0.8892,-0.9287,-0.9331,-0.9191,-0.9287,-0.9674,-0.9333,-0.9287,-0.9694,-0.9435,-0.9287,-0.9775,-0.9633,-0.9795,-0.9859,-0.9687,-0.9795,-0.9907,-0.9764,-0.9795,-0.9897,-0.9763,-0.9795,-0.9807,-0.9816,-0.9765,-0.9912,-0.9735,-0.9765,-0.9736,-0.9797,-0.9765,-1.0028,-0.9797,-0.9765,-0.9654,-0.9636,-0.9406,-0.9547,-0.9517,-0.9406,-0.9307,-0.9539,-0.9406,-0.8889,-0.9241,-0.9406,-0.8476,-0.8909,-0.8001,-0.8052,-0.8845,-0.8001,-0.7644,-0.8564,-0.8001,-0.7089,-0.8092,-0.8001,-0.6331,-0.7436,-0.5668,-0.562,-0.7054,-0.5668,-0.5218,-0.7052,-0.5668,-0.4233,-0.6746,-0.5668,-0.2897,-0.6176,-0.4144,-0.2648,-0.5815,-0.4144,-0.2759,-0.5679,-0.4144,-0.2843,-0.5555,-0.4144,-0.2835,-0.6189,-0.5639,-0.1816,-0.6169,-0.5639,-0.1898,-0.707,-0.5639,-0.3705,-0.8212,-0.5639,-0.6035,-0.8783,-1.0154,-0.7791,-0.8862,-1.0154,-0.5924,-0.8864,-1.0154,-0.5356,-0.9962,-1.0154,-0.6897,-1.0915,-1.5147,-0.7693,-1.1448,-1.5147,-0.5935,-1.2069,-1.5147,-0.3731,-1.3865,-1.5147,-0.5569,-1.3981,-1.8706,-0.9819,-1.3349,-1.8706,-1.5821,-1.3152,-1.8706,-1.7271,-1.4215,-1.8706,-1.2617,-1.629,-2.2383,-1.5041,-1.7591,-2.2383,-1.5536,-1.8754,-2.2383,-1.569,-1.8957,-2.2383,-1.314,-1.8017,-2.3101,-0.9266,-1.7729,-2.3101,-1.0387,-1.7433,-2.3101,-0.9968,-1.7542,-2.3101,-0.9417,-1.6822,-2.2025,-1.0829,-1.6937,-2.2025,-1.0617,-1.7159,-2.2025,-0.9424,-1.7231,-2.2025,-0.722,-1.8218,-1.9902,-1.0196,-1.8441,-1.9902,-1.0268,-1.8339,-1.9902,-1.2058,-1.6666,-1.9902,-1.3026,-1.5552,-1.6792,-1.1396,-1.462,-1.6792,-1.2278,-1.4325,-1.6792,-1.1595,-1.4233,-1.6792,-1.0211,-1.2806,-1.2755,-0.9099,-1.2742,-1.2755,-0.8703,-1.1379,-1.2755,-0.7266,-1.0149,-1.2755,-0.6816,-0.8487,-0.6715,-0.5361,-0.7155,-0.6715,-0.4121,-0.659,-0.6715,-0.256,-0.5652,-0.6715,-0.1319,-0.4928,-0.2648,-0.1089,-0.4296,-0.2648,-0.0973,-0.3544,-0.2648,-0.0624,-0.3106,-0.2648,-0.1086,-0.3044,-0.1991,-0.1265,-0.264,-0.1991,-0.1395,-0.2802,-0.1991,-0.1702,-0.2842,-0.1991,-0.1913,-0.32,-0.2888,-0.2079,-0.3446,-0.2888,-0.2422,-0.355,-0.2888,-0.2746,-0.3702,-0.2888,-0.3416,-0.4076,-0.4861,-0.3995,-0.4731,-0.4861,-0.461,-0.5344,-0.4861,-0.508,-0.5684,-0.4861,-0.5807,-0.634,-0.7134,-0.6671,-0.6748,-0.7134,-0.7093,-0.7156,-0.7134
2025-06-06,-0.7305,-0.7519,-0.7134,-0.765,-0.7723,-0.8629,-0.8154,-0.8211,-0.8629,-0.8478,-0.8411,-0.8629,-0.8845,-0.8723,-0.8629,-0.8937,-0.8991,-0.9586,-0.9015,-0.9162,-0.9586,-0.9508,-0.9398,-0.9586,-0.9519,-0.9587,-0.9586,-0.9606,-0.9825,-1.0214,-0.9642,-0.9863,-1.0214,-0.9752,-0.9873,-1.0214,-0.9928,-0.9893,-1.0214,-0.9898,-0.9895,-1.0214,-1.0112,-1.0011,-1.0214,-1.0087,-1.006,-1.0214,-0.9878,-0.9963,-1.0214,-1.0034,-1.0042,-0.9974,-0.9622,-0.9823,-0.9974,-0.9456,-0.9682,-0.9974,-0.9411,-0.955,-0.9974,-0.8635,-0.9114,-0.8509,-0.8434,-0.9013,-0.8509,-0.7926,-0.8511,-0.8509,-0.7329,-0.8027,-0.8509,-0.6802,-0.7351,-0.6506,-0.6224,-0.6822,-0.6506,-0.5291,-0.6782,-0.6506,-0.4661,-0.6729,-0.6506,-0.3392,-0.6506,-0.5429,-0.3311,-0.6219,-0.5429,-0.3752,-0.6519,-0.5429,-0.4428,-0.633,-0.5429,-0.6029,-0.6692,-0.7044,-0.7395,-0.7131,-0.7044,-0.7602,-0.8251,-0.7044,-1.0278,-0.9595,-0.7044,-1.2481,-1.0291,-1.1529,-1.3949,-1.1534,-1.1529,-1.487,-1.1335,-1.1529,-1.6043,-1.198,-1.1529,-1.7282,-1.2658,-1.5028,-1.7562,-1.3192,-1.5028,-1.6614,-1.385,-1.5028,-1.3107,-1.5135,-1.5028,-0.8302,-1.4886,-1.7779,-0.5864,-1.5118,-1.7779,-0.7617,-1.4126,-1.7779,-0.9907,-1.5291,-1.7779,-1.0733,-1.6952,-2.1427,-1.1716,-1.853,-2.1427,-1.4011,-1.9637,-2.1427,-1.8133,-1.9398,-2.1427,-2.0315,-1.9458,-2.2952,-1.5915,-1.8494,-2.2952,-1.2985,-1.7975,-2.2952,-1.4643,-1.7389,-2.2952,-1.6123,-1.7647,-2.346,-1.6735,-1.75,-2.346,-1.5034,-1.7598,-2.346,-1.5272,-1.74,-2.346,-1.5459,-1.7543,-2.1486,-1.3435,-1.7701,-2.1486,-1.1537,-1.6709,-2.1486,-1.1559,-1.6111,-2.1486,-0.998,-1.5351,-1.8765,-1.1882,-1.4217,-1.8765,-1.2537,-1.4147,-1.8765,-1.2049,-1.3187,-1.8765,-1.3603,-1.1951,-1.3443,-1.7183,-1.1909,-1.3443,-1.5317,-1.051,-1.3443,-1.2329,-0.9291,-1.3443,-0.9022,-0.7045,-0.7134,-0.6298,-0.5829,-0.7134,-0.5849,-0.4901,-0.7134,-0.4434,-0.4366,-0.7134,-0.2226,-0.364,-0.2798,-0.1368,-0.3077,-0.2798,-0.0757,-0.2707,-0.2798,-0.0961,-0.249,-0.2798,-0.1191,-0.2433,-0.1871,-0.1652,-0.2299,-0.1871,-0.2091,-0.2403,-0.1871,-0.2054,-0.279,-0.1871,-0.2161,-0.3123,-0.2798,-0.2469,-0.3188,-0.2798,-0.2581,-0.3307,-0.2798,-0.3198,-0.3611,-0.2798,-0.3548,-0.4012,-0.4712,-0.4374,-0.4614,-0.4712,-0.4567,-0.5047,-0.4712,-0.4943,-0.5473,-0.4712,-0.5563,-0.6095,-0.6805,-0.6261,-0.6579,-0.6805,-0.64,-0.6872,-0.6805
2025-06-07,-0.7003,-0.6884,-0.6805,-0.6909,-0.7059,-0.824,-0.7397,-0.7492,-0.824,-0.793,-0.7762,-0.824,-0.7998,-0.8125,-0.824,-0.8027,-0.8468,-0.9376,-0.8519,-0.8671,-0.9376,-0.8828,-0.9015,-0.9376,-0.908,-0.9344,-0.9376,-0.9377,-0.9494,-1.0004,-0.9607,-0.9659,-1.0004,-0.9593,-0.9678,-1.0004,-0.983,-0.9762,-1.0004,-0.9797,-0.9759,-1.0184,-0.9881,-0.9821,-1.0184,-1.0076,-0.9932,-1.0184,-0.9937,-0.9856,-1.0184,-1.0077,-0.9835,-1.0124,-0.9902,-0.9695,-1.0124,-0.978,-0.9558,-1.0124,-0.9646,-0.9605,-1.0124,-0.9422,-0.9251,-0.9346,-0.9089,-0.913,-0.9346,-0.8479,-0.8956,-0.9346,-0.8492,-0.8957,-0.9346,-0.8179,-0.8589,-0.8838,-0.8285,-0.8602,-0.8838,-0.7539,-0.8705,-0.8838,-0.7033,-0.896,-0.8838,-0.658,-0.8844,-0.8898,-0.6393,-0.8577,-0.8898,-0.6112,-0.8465,-0.8898,-0.6006,-0.8315,-0.8898,-0.5572,-0.7738,-0.9287,-0.5037,-0.773,-0.9287,-0.5565,-0.7638,-0.9287,-0.5617,-0.7406,-0.9287,-0.4216,-0.6826,-0.9974,-0.4737,-0.7224,-0.9974,-0.3987,-0.7119,-0.9974,-0.2968,-0.6578,-0.9974,-0.3995,-0.6908,-1.1111,-0.5821,-0.6876,-1.1111,-1.3441,-0.7057,-1.1111,-1.8852,-0.6742,-1.1111,-1.0613,-0.6928,-1.2516,-0.5888,-0.5515,-1.2516,-0.8046,-0.5707,-1.2516,-0.8541,-0.7503,-1.2516,-1.2639,-0.8319,-1.5596,-1.2893,-0.9352,-1.5596,-1.0049,-1.0389,-1.5596,-1.3117,-0.9639,-1.5596,-1.7997,-0.9453,-1.7838,-1.3455,-0.9221,-1.7838,-0.4466,-0.8775,-1.7838,-0.4143,-1.1352,-1.7838,-0.5957,-1.3208,-1.8496,-0.4626,-1.4232,-1.8496,-0.5276,-1.3158,-1.8496,-0.535,-1.2841,-1.8496,-0.5052,-1.2108,-1.9005,-0.6641,-1.2008,-1.9005,-0.5397,-1.2079,-1.9005,-0.6075,-1.1886,-1.9005,-0.676,-1.1406,-1.6642,-1.0341,-1.0619,-1.6642,-1.2061,-0.9525,-1.6642,-0.738,-0.9927,-1.6642,-0.5488,-1.0669,-1.2277,-0.7719,-1.073,-1.2277,-0.4559,-0.9834,-1.2277,-0.4193,-0.9724,-1.2277,-0.3924,-0.8806,-0.7881,-0.3288,-0.7592,-0.7881,-0.3108,-0.6638,-0.7881,-0.4337,-0.6056,-0.7881,-0.6458,-0.5067,-0.4562,-0.4906,-0.4495,-0.4562,-0.323,-0.4462,-0.4562,-0.3432,-0.4377,-0.4562,-0.3643,-0.4017,-0.3396,-0.354,-0.372,-0.3396,-0.3524,-0.3466,-0.3396,-0.3355,-0.3828,-0.3396,-0.3421,-0.3924,-0.4054,-0.3611,-0.4219,-0.4054,-0.3528,-0.418,-0.4054,-0.3692,-0.4328,-0.4054,-0.4286,-0.4632,-0.5579,-0.4507,-0.5218,-0.5579,-0.5066,-0.5706,-0.5579,-0.5416,-0.598,-0.5579,-0.6068,-0.6579,-0.7373,-0.633,-0.6945,-0.7373,-0.6799,-0.7201,-0.7373
2025-06-08,-0.7058,-0.7301,-0.7373,-0.7379,-0.7574,-0.8838,-0.7794,-0.8017,-0.8838,-0.8287,-0.8308,-0.8838,-0.8329,-0.864,-0.8838,-0.8816,-0.892,-0.9914,-0.8956,-0.9154,-0.9914,-0.9377,-0.9404,-0.9914,-0.962,-0.9498,-0.9914,-0.9478,-0.9599,-1.0333,-0.9864,-0.9718,-1.0333,-0.961,-0.9818,-1.0333,-0.9869,-0.982,-1.0333,-0.985,-0.9837,-1.0483,-0.9762,-0.9923,-1.0483,-0.9961,-0.9921,-1.0483,-0.9879,-0.9896,-1.0483,-0.9948,-1.0002,-1.0453,-0.9648,-0.982,-1.0453,-0.9776,-0.9782,-1.0453,-0.9398,-0.9704,-1.0453,-0.9101,-0.9446,-0.9974,-0.9257,-0.9336,-0.9974,-0.8898,-0.9397,-0.9974,-0.9078,-0.9398,-0.9974,-0.9127,-0.9165,-1.0423,-0.9476,-0.9183,-1.0423,-0.9906,-0.9266,-1.0423,-1.0297,-0.9476,-1.0423,-1.0612,-0.9648,-1.1978,-1.124,-0.9714,-1.1978,-1.2394,-0.9598,-1.1978,-1.3079,-1.009,-1.1978,-1.3827,-1.006,-1.4071,-1.4767,-1.0917,-1.4071,-1.5722,-1.1295,-1.4071,-1.7004,-1.1791,-1.4071,-1.7981,-1.1819,-1.7868,-1.8844,-1.355,-1.7868,-1.9699,-1.3471,-1.7868,-2.0506,-1.3822,-1.7868,-2.1424,-1.431,-2.2324,-2.2612,-1.5589,-2.2324,-2.3902,-1.6683,-2.2324,-2.4768,-1.7544,-2.2324,-2.583,-1.8293,-2.4776,-2.6399,-1.9109,-2.4776,-2.6552,-1.8369,-2.4776,-2.7198,-1.8187,-2.4776,-2.7776,-1.9291,-2.6809,-2.8194,-2.0471,-2.6809,-2.8872,-2.113,-2.6809,-2.9664,-2.1292,-2.6809,-3.0187,-2.1455,-2.8752,-3.0665,-2.1184,-2.8752,-3.1078,-2.059,-2.8752,-3.1263,-2.0606,-2.8752,-3.142,-2.1267,-2.8723,-3.1463,-2.0815,-2.8723,-3.1364,-2.1862,-2.8723,-3.115,-2.2175,-2.8723,-3.0661,-2.1781,-2.7257,-3.0292,-2.142,-2.7257,-2.9676,-2.117,-2.7257,-2.8994,-2.0265,-2.7257,-2.7828,-1.9393,-2.3789,-2.7082,-1.9077,-2.3789,-2.5719,-1.7908,-2.3789,-2.5026,-1.6965,-2.3789,-2.3295,-1.5993,-1.7898,-2.15,-1.4938,-1.7898,-1.9657,-1.3858,-1.7898,-1.7417,-1.3088,-1.7898,-1.5607,-1.1302,-1.1111,-1.3709,-1.0172,-1.1111,-1.1505,-0.8799,-1.1111,-0.9763,-0.7562,-1.1111,-0.8561,-0.6683,-0.5908,-0.7341,-0.5799,-0.5908,-0.5998,-0.5007,-0.5908,-0.5148,-0.4602,-0.5908,-0.4631,-0.4378,-0.3665,-0.4157,-0.3603,-0.3665,-0.4023,-0.345,-0.3665,-0.3772,-0.3783,-0.3665,-0.3507,-0.3847,-0.3964,-0.3625,-0.4409,-0.3964,-0.3912,-0.4031,-0.3964,-0.3726,-0.4219,-0.3964,-0.4214,-0.4828,-0.5459,-0.4504,-0.5427,-0.5459,-0.5572,-0.5981,-0.5459,-0.5463,-0.6369,-0.5459,-0.6421,-0.7,-0.7463,-0.6739,-0.7428,-0.7463,-0.7022,-0.7809,-0.7463
2025-06-09,-0.7314,-0.81,-0.7463,-0.7601,-0.838,-0.809,-0.8027,-0.8719,-0.809,-0.8491,-0.9069,-0.809,-0.8654,-0.9383,-0.809,-0.8847,-0.952,-0.8988,-0.9111,-0.9733,-0.8988,-0.9473,-0.992,-0.8988,-0.9472,-1.0059,-0.8988,-0.9749,-1.0046,-0.9885,-0.9733,-1.0089,-0.9885,-0.9499,-1.0198,-0.9885,-0.9711,-1.0149,-0.9885,-0.9701,-1.0084,-0.9885,-0.9737,-1.0222,-0.9885,-0.963,-1.0099,-0.9885,-0.955,-1.0129,-0.9885,-0.9472,-0.9902,-0.9615,-0.9073,-0.9795,-0.9615,-0.903,-0.9544,-0.9615,-0.8784,-0.9345,-0.9615,-0.8396,-0.8762,-0.8629,-0.8061,-0.8527,-0.8629,-0.8017,-0.8155,-0.8629,-0.7622,-0.7792,-0.8629,-0.6943,-0.7059,-0.8031,-0.7221,-0.6906,-0.8031,-0.7474,-0.6045,-0.8031,-0.7466,-0.6025,-0.8031,-0.7667,-0.5469,-0.9137,-0.8196,-0.5707,-0.9137,-0.8566,-0.5502,-0.9137,-0.8726,-0.5264,-0.9137,-0.9685,-0.5538,-1.2037,-0.9952,-0.6459,-1.2037,-1.12,-0.6858,-1.2037,-1.2176,-0.8111,-1.2037,-1.3034,-0.8303,-1.6343,-1.4131,-0.995,-1.6343,-1.4986,-1.1066,-1.6343,-1.5847,-1.1693,-1.6343,-1.6945,-1.1675,-2.038,-1.8325,-1.197,-2.038,-1.9682,-1.3333,-2.038,-2.0297,-1.4437,-2.038,-2.1054,-1.4475,-2.328,-2.12,-1.5088,-2.328,-2.1364,-1.4744,-2.328,-2.1733,-1.5198,-2.328,-2.3194,-1.7121,-2.5972,-2.4326,-1.8456,-2.5972,-2.5195,-1.8965,-2.5972,-2.5581,-1.9414,-2.5972,-2.5384,-1.8838,-2.6689,-2.5563,-1.8978,-2.6689,-2.5786,-1.9305,-2.6689,-2.5774,-1.9415,-2.6689,-2.5891,-1.9802,-2.6629,-2.6307,-1.9402,-2.6629,-2.5758,-1.9231,-2.6629,-2.5793,-1.9733,-2.6629,-2.5144,-1.9367,-2.6121,-2.4671,-1.8841,-2.6121,-2.4292,-1.8017,-2.6121,-2.3712,-1.7176,-2.6121,-2.2844,-1.694,-2.3251,-2.1788,-1.6296,-2.3251,-2.0521,-1.5268,-2.3251,-1.9674,-1.4314,-2.3251,-1.8312,-1.3396,-1.6672,-1.7003,-1.2115,-1.6672,-1.5667,-1.0944,-1.6672,-1.3658,-0.9971,-1.6672,-1.226,-0.8426,-0.9167,-1.0251,-0.743,-0.9167,-0.8878,-0.6442,-0.9167,-0.7299,-0.5357,-0.9167,-0.6515,-0.4359,-0.3964,-0.529,-0.3703,-0.3964,-0.4489,-0.3182,-0.3964,-0.3907,-0.2708,-0.3964,-0.3201,-0.272,-0.2738,-0.2963,-0.2304,-0.2738,-0.268,-0.2292,-0.2738,-0.2758,-0.269,-0.2738,-0.2995,-0.3021,-0.3276,-0.3221,-0.337,-0.3276,-0.35,-0.3328,-0.3276,-0.3735,-0.3588,-0.3276,-0.4345,-0.4213,-0.5041,-0.4844,-0.4717,-0.5041,-0.5311,-0.5189,-0.5041,-0.5833,-0.5771,-0.5041,-0.6721,-0.6461,-0.7104,-0.7296,-0.6949,-0.7104,-0.7549,-0.7421,-0.7104
2025-06-10,-0.7999,-0.7571,-0.7104,-0.817,-0.7803,-0.8509,-0.8357,-0.8254,-0.8509,-0.8897,-0.8589,-0.8509,-0.903,-0.8891,-0.8509,-0.9354,-0.9066,-0.9466,-0.9669,-0.9298,-0.9466,-0.9874,-0.9436,-0.9466,-0.9918,-0.9603,-0.9466,-0.9813,-0.9669,-0.9885,-0.9905,-0.9659,-0.9885,-0.9842,-0.9856,-0.9885,-1.0149,-0.9851,-0.9885,-1.0128,-0.9874,-0.9974,-1.0189,-0.9931,-0.9974,-0.9989,-0.9911,-0.9974,-1.0008,-0.9996,-0.9974,-0.9847,-0.998,-0.9705,-0.962,-0.9965,-0.9705,-0.9527,-0.977,-0.9705,-0.8995,-0.9685,-0.9705,-0.8641,-0.897,-0.833,-0.8431,-0.8838,-0.833,-0.806,-0.8413,-0.833,-0.7135,-0.8152,-0.833,-0.681,-0.7122,-0.6655,-0.6427,-0.6891,-0.6655,-0.6248,-0.6105,-0.6655,-0.5876,-0.6361,-0.6655,-0.5761,-0.5715,-0.5878,-0.5857,-0.6028,-0.5878,-0.5945,-0.6025,-0.5878,-0.6636,-0.6202,-0.5878,-0.7348,-0.6146,-0.8061,-0.8182,-0.6845,-0.8061,-0.9285,-0.8025,-0.8061,-1.0172,-0.878,-0.8061,-1.1986,-0.9636,-1.3293,-1.312,-1.0951,-1.3293,-1.443,-1.2172,-1.3293,-1.5787,-1.2799,-1.3293,-1.6791,-1.3539,-1.7808,-1.7896,-1.3873,-1.7808,-1.8768,-1.4904,-1.7808,-1.964,-1.5723,-1.7808,-2.0225,-1.6705,-2.0739,-2.0556,-1.645,-2.0739,-2.0751,-1.6133,-2.0739,-2.1361,-1.7174,-2.0739,-2.3005,-1.8578,-2.4536,-2.4372,-1.9858,-2.4536,-2.5048,-2.0424,-2.4536,-2.5172,-2.0573,-2.4536,-2.5042,-1.9937,-2.4118,-2.5191,-1.9892,-2.4118,-2.4986,-1.9999,-2.4118,-2.5078,-2.0255,-2.4118,-2.5071,-1.9886,-2.337,-2.5387,-1.9636,-2.337,-2.4644,-1.9124,-2.337,-2.3598,-1.96,-2.337,-2.4051,-1.888,-2.2264,-2.208,-1.8105,-2.2264,-1.9002,-1.7811,-2.2264,-1.9933,-1.6443,-2.2264,-1.803,-1.6046,-1.9304,-1.9112,-1.5486,-1.9304,-1.8008,-1.507,-1.9304,-1.8452,-1.3901,-1.9304,-1.6709,-1.3508,-1.4998,-1.4852,-1.1839,-1.4998,-1.2161,-1.0649,-1.4998,-1.002,-1.0163,-1.4998,-0.828,-0.8821,-0.7672,-0.8494,-0.7277,-0.7672,-0.7401,-0.6244,-0.7672,-0.6987,-0.5078,-0.7672,-0.5819,-0.4276,-0.2678,-0.3988,-0.3615,-0.2678,-0.3827,-0.2984,-0.2678,-0.3353,-0.2732,-0.2678,-0.3218,-0.257,-0.1841,-0.2653,-0.2222,-0.1841,-0.2408,-0.2305,-0.1841,-0.2272,-0.25,-0.1841,-0.2071,-0.2967,-0.2529,-0.2511,-0.3177,-0.2529,-0.2712,-0.3309,-0.2529,-0.2895,-0.3616,-0.2529,-0.361,-0.4213,-0.4562,-0.4441,-0.4666,-0.4562,-0.4787,-0.5115,-0.4562,-0.5365,-0.5517,-0.4562,-0.6322,-0.6328,-0.6775,-0.6923,-0.6843,-0.6775,-0.7356,-0.7139,-0.6775
2025-06-11,-0.7534,-0.7576,-0.6775,-0.7863,-0.7778,-0.815,-0.855,-0.8314,-0.815,-0.88,-0.8587,-0.815,-0.9075,-0.8929,-0.815,-0.9346,-0.9129,-0.9077,-0.9442,-0.9323,-0.9077,-0.9637,-0.9503,-0.9077,-0.9773,-0.9556,-0.9077,-0.9916,-0.9796,-0.8838,-0.9761,-0.9755,-0.8838,-0.9897,-0.9963,-0.8838,-0.9812,-0.9957,-0.8838,-0.9858,-0.9879,-0.8868,-0.9933,-0.9954,-0.8868,-1.0125,-0.9905,-0.8868,-0.9693,-0.9878,-0.8868,-0.987,-0.9828,-0.8689,-0.9745,-0.983,-0.8689,-0.9467,-0.9585,-0.8689,-0.9187,-0.9497,-0.8689,-0.8816,-0.885,-0.7463,-0.8473,-0.8616,-0.7463,-0.7964,-0.8336,-0.7463,-0.7308,-0.7822,-0.7463,-0.6854,-0.7064,-0.5728,-0.666,-0.6809,-0.5728,-0.5963,-0.6139,-0.5728,-0.5345,-0.6189,-0.5728,-0.4998,-0.5478,-0.4712,-0.5357,-0.579,-0.4712,-0.59,-0.541,-0.4712,-0.6712,-0.5247,-0.4712,-0.7155,-0.5376,-0.6685,-0.8112,-0.6313,-0.6685,-0.9244,-0.6946,-0.6685,-1.0391,-0.7702,-0.6685,-1.2084,-0.8253,-1.1709,-1.3032,-0.9705,-1.1709,-1.4128,-1.0813,-1.1709,-1.522,-1.1743,-1.1709,-1.6576,-1.1835,-1.5984,-1.7349,-1.2583,-1.5984,-1.8213,-1.3852,-1.5984,-1.9104,-1.4377,-1.5984,-1.974,-1.5573,-1.9393,-2.0001,-1.5507,-1.9393,-2.0414,-1.5788,-1.9393,-2.1072,-1.6292,-1.9393,-2.2417,-1.7483,-2.2981,-2.3581,-1.8471,-2.2981,-2.4593,-1.8963,-2.2981,-2.508,-1.9087,-2.2981,-2.4833,-1.859,-2.3071,-2.4635,-1.9039,-2.3071,-2.4299,-1.9096,-2.3071,-2.4376,-1.9834,-2.3071,-2.4617,-2.0096,-2.2862,-2.4707,-1.968,-2.2862,-2.4381,-1.8934,-2.2862,-2.4418,-1.96,-2.2862,-2.3634,-1.8126,-2.0978,-2.3315,-1.6937,-2.0978,-2.2532,-1.6536,-2.0978,-2.1996,-1.4905,-2.0978,-2.0868,-1.4288,-1.742,-2.0392,-1.4209,-1.742,-1.9061,-1.3661,-1.742,-1.7942,-1.3036,-1.742,-1.7109,-1.2476,-1.2994,-1.5839,-1.1027,-1.2994,-1.4281,-0.9788,-1.2994,-1.2501,-0.8797,-1.2994,-1.0776,-0.7713,-0.5967,-0.9036,-0.5817,-0.5967,-0.7785,-0.5105,-0.5967,-0.6838,-0.4157,-0.5967,-0.5514,-0.3589,-0.1452,-0.4403,-0.3088,-0.1452,-0.321,-0.2649,-0.1452,-0.2673,-0.2271,-0.1452,-0.2369,-0.2222,-0.0406,-0.2137,-0.1924,-0.0406,-0.1885,-0.212,-0.0406,-0.1753,-0.2405,-0.0406,-0.2169,-0.2511,-0.1243,-0.2396,-0.2761,-0.1243,-0.2722,-0.2913,-0.1243,-0.2799,-0.3109,-0.1243,-0.3634,-0.3628,-0.3246,-0.3991,-0.4096,-0.3246,-0.4711,-0.4685,-0.3246,-0.5158,-0.5276,-0.3246,-0.6037,-0.5867,-0.5519,-0.6446,-0.6378,-0.5519,-0.7145,-0.6898,-0.5519
2025-06-12,-0.7444,-0.7104,-0.5519,-0.7765,-0.7403,-0.7463,-0.8266,-0.7966,-0.7463,-0.8613,-0.8168,-0.7463,-0.8879,-0.8398,-0.7463,-0.9151,-0.8578,-0.833,-0.9455,-0.8859,-0.833,-0.9474,-0.9005,-0.833,-0.9687,-0.9153,-0.833,-0.9788,-0.9279,-0.9675,-0.9674,-0.938,-0.9675,-0.9797,-0.9533,-0.9675,-0.973,-0.9443,-0.9675,-0.9909,-0.95,-0.9825,-0.989,-0.956,-0.9825,-0.9901,-0.9629,-0.9825,-0.9949,-0.9646,-0.9825,-0.9981,-0.9663,-0.9615,-0.9525,-0.9508,-0.9615,-0.9731,-0.9492,-0.9615,-0.9449,-0.9228,-0.9615,-0.8877,-0.8758,-0.836,-0.8728,-0.8415,-0.836,-0.8364,-0.8011,-0.836,-0.7674,-0.7496,-0.836,-0.6953,-0.6551,-0.6685,-0.691,-0.6081,-0.6685,-0.6655,-0.5469,-0.6685,-0.6574,-0.5723,-0.6685,-0.6019,-0.5149,-0.5728,-0.6047,-0.497,-0.5728,-0.6094,-0.4894,-0.5728,-0.6784,-0.4821,-0.5728,-0.7367,-0.4646,-0.7582,-0.8315,-0.5416,-0.7582,-0.9345,-0.6587,-0.7582,-1.0645,-0.7093,-0.7582,-1.1845,-0.8083,-1.2217,-1.3086,-0.9676,-1.2217,-1.4065,-1.0282,-1.2217,-1.5256,-1.1101,-1.2217,-1.6291,-1.1193,-1.6433,-1.7345,-1.2061,-1.6433,-1.8155,-1.3289,-1.6433,-1.88,-1.3678,-1.6433,-1.9354,-1.4699,-1.8646,-1.9894,-1.4335,-1.8646,-2.0075,-1.4874,-1.8646,-2.017,-1.5157,-1.8646,-2.1933,-1.7039,-2.1726,-2.3257,-1.8324,-2.1726,-2.3962,-1.8603,-2.1726,-2.4013,-1.8583,-2.1726,-2.3518,-1.8369,-2.2682,-2.2542,-1.7807,-2.2682,-2.3096,-1.8193,-2.2682,-2.311,-1.8427,-2.2682,-2.2758,-1.8724,-2.1905,-2.2868,-1.7901,-2.1905,-2.2903,-1.8205,-2.1905,-2.3432,-1.8797,-2.1905,-2.3036,-1.7462,-2.0021,-2.2722,-1.6843,-2.0021,-2.2077,-1.6028,-2.0021,-2.1166,-1.4788,-2.0021,-2.0233,-1.4459,-1.7181,-1.9269,-1.4018,-1.7181,-1.7087,-1.3413,-1.7181,-1.6645,-1.2432,-1.7181,-1.6634,-1.2115,-1.2576,-1.5461,-1.0691,-1.2576,-1.3828,-0.9059,-1.2576,-1.2461,-0.8449,-1.2576,-1.0993,-0.7597,-0.6326,-0.9621,-0.586,-0.6326,-0.7793,-0.4589,-0.6326,-0.6441,-0.3881,-0.6326,-0.5488,-0.2902,-0.2559,-0.4059,-0.2635,-0.2559,-0.3167,-0.2188,-0.2559,-0.2351,-0.1852,-0.2559,-0.1782,-0.1707,-0.1482,-0.1708,-0.1522,-0.1482,-0.2125,-0.1537,-0.1482,-0.1781,-0.1899,-0.1482,-0.2019,-0.2181,-0.205,-0.2127,-0.2327,-0.205,-0.2244,-0.2663,-0.205,-0.2402,-0.289,-0.205,-0.3169,-0.347,-0.3874,-0.3681,-0.3798,-0.3874,-0.4274,-0.4377,-0.3874,-0.4701,-0.4894,-0.3874,-0.5398,-0.5564,-0.6267,-0.5847,-0.6132,-0.6267,-0.617,-0.6358,-0.6267
2025-06-13,-0.6756,-0.6998,-0.6267,-0.7258,-0.7226,-0.7971,-0.7567,-0.773,-0.7971,-0.7919,-0.8056,-0.7971,-0.8291,-0.8327,-0.7971,-0.8294,-0.8495,-0.8928,-0.873,-0.8753,-0.8928,-0.8699,-0.8824,-0.8928,-0.882,-0.9118,-0.8928,-0.8948,-0.9252,-0.9645,-0.9284,-0.9447,-0.9645,-0.9381,-0.9502,-0.9645,-0.9178,-0.9496,-0.9645,-0.9441,-0.9467,-0.9885,-0.9525,-0.9513,-0.9885,-0.9499,-0.9635,-0.9885,-0.9622,-0.9647,-0.9885,-0.946,-0.96,-0.9645,-0.9569,-0.9506,-0.9645,-0.9231,-0.9406,-0.9645,-0.934,-0.9203,-0.9645,-0.8442,-0.8824,-0.8539,-0.8536,-0.859,-0.8539,-0.8468,-0.8092,-0.8539,-0.7604,-0.7602,-0.8539,-0.7209,-0.6973,-0.6805,-0.7091,-0.6538,-0.6805,-0.6579,-0.6201,-0.6805,-0.6383,-0.6206,-0.6805,-0.5987,-0.5504,-0.51,-0.6328,-0.5467,-0.51,-0.6516,-0.5252,-0.51,-0.7074,-0.5499,-0.51,-0.7432,-0.5725,-0.6386,-0.7602,-0.6352,-0.6386,-0.808,-0.7244,-0.6386,-0.9735,-0.8352,-0.6386,-1.1274,-0.8895,-1.0692,-1.2724,-0.9988,-1.0692,-1.3373,-1.0283,-1.0692,-1.4518,-1.1222,-1.0692,-1.5427,-1.1802,-1.3473,-1.611,-1.2897,-1.3473,-1.6929,-1.3594,-1.3473,-1.7444,-1.4105,-1.3473,-1.8259,-1.4631,-1.742,-1.8676,-1.4307,-1.742,-1.9044,-1.4807,-1.742,-1.9349,-1.5342,-1.742,-2.0726,-1.6378,-2.029,-2.2198,-1.715,-2.029,-2.2526,-1.7879,-2.029,-2.2432,-1.7915,-2.029,-2.2543,-1.739,-2.1576,-2.2088,-1.7654,-2.1576,-2.194,-1.8021,-2.1576,-2.2107,-1.8267,-2.1576,-2.2213,-1.8178,-2.1755,-2.2283,-1.8131,-2.1755,-2.2331,-1.7449,-2.1755,-2.195,-1.7495,-2.1755,-2.193,-1.6611,-1.8227,-2.1268,-1.6064,-1.8227,-2.0829,-1.4569,-1.8227,-2.0246,-1.3421,-1.8227,-1.9589,-1.2426,-1.4968,-1.9179,-1.2472,-1.4968,-1.8103,-1.1843,-1.4968,-1.7004,-1.0679,-1.4968,-1.6576,-1.0445,-1.0483,-1.6046,-0.8839,-1.0483,-1.5398,-0.8204,-1.0483,-1.4299,-0.655,-1.0483,-1.158,-0.5535,-0.5041,-0.8501,-0.4119,-0.5041,-0.7283,-0.3939,-0.5041,-0.718,-0.3081,-0.5041,-0.6282,-0.2595,-0.1692,-0.4448,-0.201,-0.1692,-0.3905,-0.1864,-0.1692,-0.2529,-0.1467,-0.1692,-0.1448,-0.1562,-0.1094,-0.1001,-0.1605,-0.1094,-0.093,-0.1517,-0.1094,-0.1195,-0.1961,-0.1094,-0.1443,-0.2264,-0.1901,-0.1552,-0.2452,-0.1901,-0.1977,-0.2649,-0.1901,-0.2504,-0.2861,-0.1901,-0.3158,-0.3327,-0.3605,-0.3849,-0.3893,-0.3605,-0.4527,-0.4215,-0.3605,-0.4752,-0.4753,-0.3605,-0.5479,-0.5463,-0.5698,-0.6071,-0.5879,-0.5698,-0.6387,-0.6112,-0.5698
2025-06-14,-0.6526,-0.6322,-0.5698,-0.6773,-0.6545,-0.7253,-0.7254,-0.7033,-0.7253,-0.7616,-0.7406,-0.7253,-0.7971,-0.7787,-0.7253,-0.79,-0.7924,-0.8449,-0.8476,-0.8212,-0.8449,-0.8658,-0.8621,-0.8449,-0.9173,-0.8844,-0.8449,-0.9147,-0.908,-0.9406,-0.9299,-0.922,-0.9406,-0.9457,-0.9429,-0.9406,-0.9635,-0.9444,-0.9406,-0.9822,-0.9388,-0.9705,-0.9898,-0.9461,-0.9705,-0.9707,-0.9594,-0.9705,-0.9914,-0.9557,-0.9705,-0.9741,-0.9573,-0.9735,-0.9945,-0.9516,-0.9735,-0.9872,-0.9316,-0.9735,-0.9843,-0.9319,-0.9735,-0.951,-0.9097,-0.9077,-0.9379,-0.8809,-0.9077,-0.9311,-0.8648,-0.9077,-0.9223,-0.8475,-0.9077,-0.9012,-0.7941,-0.9047,-0.9247,-0.8041,-0.9047,-0.9421,-0.7957,-0.9047,-0.9824,-0.8038,-0.9047,-1.0162,-0.8094,-0.9466,-1.0943,-0.8092,-0.9466,-1.1675,-0.7804,-0.9466,-1.2344,-0.7908,-0.9466,-1.2284,-0.8117,-1.126,-1.3162,-0.8268,-1.126,-1.1378,-0.869,-1.126,-1.1927,-0.9595,-1.126,-1.4457,-1.0034,-1.4579,-1.469,-1.1288,-1.4579,-1.4786,-1.1947,-1.4579,-1.757,-1.2421,-1.4579,-1.9059,-1.3146,-1.8317,-1.693,-1.4194,-1.8317,-1.7552,-1.4959,-1.8317,-1.9333,-1.5799,-1.8317,-1.5631,-1.5953,-2.1755,-1.2426,-1.6504,-2.1755,-1.3735,-1.6765,-2.1755,-1.6512,-1.6861,-2.1755,-1.8522,-1.732,-2.4058,-1.9871,-1.8545,-2.4058,-2.2818,-1.8768,-2.4058,-2.5353,-1.8685,-2.4058,-2.5774,-1.8842,-2.5493,-2.5909,-1.8712,-2.5493,-2.5439,-1.8639,-2.5493,-2.552,-1.9535,-2.5493,-2.6091,-1.9807,-2.5104,-2.6034,-1.959,-2.5104,-2.5652,-1.9724,-2.5104,-2.5277,-2.0097,-2.5104,-2.5823,-1.9719,-2.4028,-2.4571,-1.8955,-2.4028,-2.3846,-1.8829,-2.4028,-2.3614,-1.7541,-2.4028,-2.3046,-1.6827,-2.0829,-2.282,-1.6597,-2.0829,-2.1139,-1.5421,-2.0829,-1.9638,-1.4617,-2.0829,-1.8808,-1.3936,-1.4519,-1.6228,-1.2563,-1.4519,-1.482,-1.1234,-1.4519,-1.3224,-0.9288,-1.4519,-1.0438,-0.825,-0.8778,-0.9582,-0.7319,-0.8778,-0.9514,-0.6206,-0.8778,-0.7775,-0.5332,-0.8778,-0.7287,-0.4594,-0.4562,-0.6145,-0.414,-0.4562,-0.4926,-0.3869,-0.4562,-0.4001,-0.3395,-0.4562,-0.3261,-0.3265,-0.2738,-0.2902,-0.2929,-0.2738,-0.2982,-0.2731,-0.2738,-0.3058,-0.2943,-0.2738,-0.3095,-0.3065,-0.3037,-0.3255,-0.3454,-0.3037,-0.3381,-0.3416,-0.3037,-0.3023,-0.3272,-0.3037,-0.3607,-0.384,-0.4323,-0.4031,-0.4139,-0.4323,-0.4593,-0.4578,-0.4323,-0.4843,-0.4934,-0.4323,-0.5444,-0.5662,-0.6237,-0.6056,-0.6041,-0.6237,-0.6239,-0.6401,-0.6237
2025-06-15,-0.6541,-0.6746,-0.6237,-0.673,-0.6971,-0.7971,-0.7216,-0.7495,-0.7971,-0.7423,-0.773,-0.7971,-0.7607,-0.8085,-0.7971,-0.8025,-0.8333,-0.9077,-0.8064,-0.8611,-0.9077,-0.8576,-0.8763,-0.9077,-0.8786,-0.9044,-0.9077,-0.8919,-0.9102,-0.9735,-0.9062,-0.9273,-0.9735,-0.9144,-0.9432,-0.9735,-0.944,-0.9366,-0.9735,-0.9185,-0.9376,-1.0124,-0.9577,-0.9493,-1.0124,-0.9572,-0.9646,-1.0124,-0.9625,-0.9728,-1.0124,-0.986,-0.9673,-1.0184,-0.9569,-0.968,-1.0184,-0.9651,-0.9589,-1.0184,-0.9897,-0.9571,-1.0184,-0.9588,-0.9318,-0.9825,-0.9572,-0.9245,-0.9825,-0.965,-0.92,-0.9825,-0.9728,-0.9133,-0.9825,-1.0421,-0.8871,-1.0214,-1.115,-0.8986,-1.0214,-1.126,-0.9235,-1.0214,-1.0891,-0.9617,-1.0214,-1.0536,-0.9649,-1.0901,-0.9516,-0.9625,-1.0901,-0.8402,-0.9681,-1.0901,-0.8107,-0.9768,-1.0901,-0.819,-1.0057,-1.2396,-0.8843,-1.0142,-1.2396,-1.211,-1.071,-1.2396,-1.3033,-1.1497,-1.2396,-1.3263,-1.1701,-1.443,-1.6628,-1.2144,-1.443,-1.8201,-1.1949,-1.443,-1.8951,-1.2134,-1.443,-1.7326,-1.2102,-1.8167,-1.8232,-1.2379,-1.8167,-1.8873,-1.1752,-1.8167,-1.9954,-1.2787,-1.8167,-2.3614,-1.1716,-2.05,-2.4163,-1.0888,-2.05,-2.4509,-1.0653,-2.05,-2.4638,-1.0483,-2.05,-2.4647,-1.152,-2.1217,-2.3212,-1.267,-2.1217,-2.1199,-1.2186,-2.1217,-2.3161,-1.3139,-2.1217,-2.4457,-1.4653,-2.3609,-2.8521,-1.6116,-2.3609,-2.8566,-1.4962,-2.3609,-2.6653,-1.641,-2.3609,-2.6317,-1.7852,-2.4686,-2.3361,-1.7507,-2.4686,-1.6743,-1.7302,-2.4686,-1.3807,-1.5976,-2.4686,-1.2526,-1.5941,-2.4387,-1.3939,-1.4498,-2.4387,-1.4513,-1.3797,-2.4387,-1.3295,-1.321,-2.4387,-1.5107,-1.1646,-2.0709,-1.3994,-1.0668,-2.0709,-1.5617,-1.0744,-2.0709,-1.8503,-1.0933,-2.0709,-1.6085,-1.0118,-1.3951,-1.5574,-1.0528,-1.3951,-1.2262,-0.961,-1.3951,-1.0879,-0.8857,-1.3951,-0.7807,-0.7466,-0.809,-0.6599,-0.6496,-0.809,-0.5566,-0.6565,-0.809,-0.5894,-0.5174,-0.809,-0.4372,-0.5003,-0.4562,-0.3826,-0.4559,-0.4562,-0.3591,-0.3883,-0.4562,-0.2298,-0.3745,-0.4562,-0.2998,-0.3604,-0.3187,-0.3431,-0.3151,-0.3187,-0.2876,-0.2864,-0.3187,-0.3244,-0.3324,-0.3187,-0.3099,-0.3619,-0.3605,-0.3569,-0.4042,-0.3605,-0.3611,-0.3921,-0.3605,-0.3728,-0.3956,-0.3605,-0.4557,-0.4709,-0.519,-0.4522,-0.5175,-0.519,-0.5301,-0.5525,-0.519,-0.5707,-0.582,-0.519,-0.6209,-0.6529,-0.7223,-0.6737,-0.691,-0.7223,-0.7412,-0.7337,-0.7223
2025-06-16,-0.7511,-0.7836,-0.7223,-0.7715,-0.7998,-0.8778,-0.8126,-0.8425,-0.8778,-0.8373,-0.8773,-0.8778,-0.8617,-0.8963,-0.8778,-0.8864,-0.9219,-0.9705,-0.8997,-0.9427,-0.9705,-0.9346,-0.9606,-0.9705,-0.9193,-0.9716,-0.9705,-0.9226,-0.9852,-1.0184,-0.9382,-0.9941,-1.0184,-0.9366,-0.9976,-1.0184,-0.9234,-1.0024,-1.0184,-0.9282,-0.996,-1.0273,-0.9533,-1.0017,-1.0273,-0.9573,-1.0051,-1.0273,-0.9578,-0.9951,-1.0273,-0.9284,-0.997,-1.0004,-0.9348,-0.9848,-1.0004,-0.9245,-0.9705,-1.0004,-0.8942,-0.9541,-1.0004,-0.8474,-0.8943,-0.8569,-0.8121,-0.8746,-0.8569,-0.7968,-0.8426,-0.8569,-0.7246,-0.8123,-0.8569,-0.6192,-0.7227,-0.6386,-0.6222,-0.6975,-0.6386,-0.5709,-0.6813,-0.6386,-0.5215,-0.6653,-0.6386,-0.432,-0.5739,-0.513,-0.4468,-0.5673,-0.513,-0.431,-0.5543,-0.513,-0.4832,-0.5402,-0.513,-0.5756,-0.5584,-0.6805,-0.6824,-0.6348,-0.6805,-0.8293,-0.7072,-0.6805,-0.9899,-0.7456,-0.6805,-1.1367,-0.789,-1.1738,-1.2624,-0.8266,-1.1738,-1.3528,-0.8229,-1.1738,-1.4749,-0.9028,-1.1738,-1.5465,-0.9179,-1.6792,-1.6588,-1.0714,-1.6792,-1.7762,-1.2254,-1.6792,-1.8543,-1.3093,-1.6792,-1.9558,-1.3924,-2.038,-2.0104,-1.4161,-2.038,-2.0385,-1.3689,-2.038,-2.0886,-1.6051,-2.038,-2.2401,-1.6947,-2.4417,-2.4179,-1.8403,-2.4417,-2.5067,-1.9521,-2.4417,-2.5556,-1.9464,-2.4417,-2.4826,-1.933,-2.5732,-2.4802,-1.9292,-2.5732,-2.4678,-1.9185,-2.5732,-2.5014,-1.9457,-2.5732,-2.5158,-1.9077,-2.5523,-2.5343,-1.8945,-2.5523,-2.5288,-1.8463,-2.5523,-2.4728,-1.8664,-2.5523,-2.4696,-1.8581,-2.337,-2.4487,-1.8011,-2.337,-2.4149,-1.6653,-2.337,-2.3193,-1.6335,-2.337,-2.2315,-1.579,-2.044,-2.1715,-1.4978,-2.044,-2.0916,-1.4533,-2.044,-1.9926,-1.4182,-2.044,-1.8947,-1.3379,-1.5446,-1.802,-1.2205,-1.5446,-1.6409,-1.1113,-1.5446,-1.523,-1.0614,-1.5446,-1.3114,-0.9575,-0.812,-1.1729,-0.8034,-0.812,-1.0191,-0.6857,-0.812,-0.9145,-0.5777,-0.812,-0.7182,-0.4843,-0.3306,-0.5996,-0.3795,-0.3306,-0.5196,-0.2895,-0.3306,-0.4199,-0.268,-0.3306,-0.338,-0.2651,-0.1811,-0.3017,-0.2329,-0.1811,-0.336,-0.2401,-0.1811,-0.3389,-0.2382,-0.1811,-0.3352,-0.2985,-0.2499,-0.3669,-0.3058,-0.2499,-0.3819,-0.3257,-0.2499,-0.4218,-0.3504,-0.2499,-0.4235,-0.4056,-0.4413,-0.5091,-0.4569,-0.4413,-0.5897,-0.5137,-0.4413,-0.6428,-0.5687,-0.4413,-0.7069,-0.6399,-0.6745,-0.7514,-0.675,-0.6745,-0.7124,-0.7259,-0.6745
2025-06-17,-0.7737,-0.7687,-0.6745,-0.7919,-0.7888,-0.809,-0.8047,-0.8351,-0.809,-0.8443,-0.8693,-0.809,-0.887,-0.8997,-0.809,-0.9152,-0.9237,-0.9047,-0.9475,-0.9478,-0.9047,-0.961,-0.9594,-0.9047,-0.952,-0.9777,-0.9047,-0.9628,-0.9829,-0.8479,-0.9854,-0.9795,-0.8479,-0.9813,-0.9954,-0.8479,-0.9755,-0.9968,-0.8479,-0.9985,-0.9905,-0.8808,-1.002,-1.0044,-0.8808,-0.9934,-0.9968,-0.8808,-0.988,-0.9964,-0.8808,-0.9931,-0.9928,-0.8599,-0.9771,-0.9819,-0.8599,-0.9804,-0.9736,-0.8599,-0.944,-0.9642,-0.8599,-0.8653,-0.9007,-0.7253,-0.8551,-0.8896,-0.7253,-0.8173,-0.861,-0.7253,-0.7857,-0.8079,-0.7253,-0.6626,-0.7144,-0.5369,-0.6585,-0.6988,-0.5369,-0.5603,-0.6609,-0.5369,-0.4959,-0.6562,-0.5369,-0.4089,-0.5795,-0.4652,-0.4357,-0.5878,-0.4652,-0.4878,-0.5918,-0.4652,-0.6517,-0.5853,-0.4652,-0.7766,-0.6195,-0.6924,-0.862,-0.6615,-0.6924,-0.9799,-0.7297,-0.6924,-1.0922,-0.8287,-0.6924,-1.2226,-0.9147,-1.1888,-1.3347,-0.9967,-1.1888,-1.5007,-1.1243,-1.1888,-1.6036,-1.2073,-1.1888,-1.7121,-1.2367,-1.6343,-1.8113,-1.2693,-1.6343,-1.8955,-1.3895,-1.6343,-1.9716,-1.4647,-1.6343,-2.0771,-1.5776,-1.9184,-2.0961,-1.5555,-1.9184,-2.1243,-1.5694,-1.9184,-2.2176,-1.644,-1.9184,-2.3573,-1.8132,-2.337,-2.485,-1.9011,-2.337,-2.5414,-1.99,-2.337,-2.5444,-1.988,-2.337,-2.5478,-1.865,-2.4267,-2.5301,-1.9636,-2.4267,-2.5584,-1.9505,-2.4267,-2.577,-2.0015,-2.4267,-2.5523,-1.9982,-2.4387,-2.5683,-1.9929,-2.4387,-2.5185,-2.0241,-2.4387,-2.4907,-1.9899,-2.4387,-2.4763,-1.91,-2.2682,-2.4575,-1.7724,-2.2682,-2.3182,-1.7424,-2.2682,-2.2912,-1.6639,-2.2682,-2.232,-1.6025,-1.8885,-2.1361,-1.5962,-1.8885,-2.0698,-1.4903,-1.8885,-1.9866,-1.3967,-1.8885,-1.8661,-1.3379,-1.4131,-1.7654,-1.1387,-1.4131,-1.6517,-1.0974,-1.4131,-1.4654,-0.959,-1.4131,-1.3175,-0.8445,-0.7403,-1.1823,-0.6624,-0.7403,-1.0333,-0.6433,-0.7403,-0.8775,-0.5016,-0.7403,-0.7381,-0.4327,-0.2439,-0.6128,-0.3587,-0.2439,-0.4818,-0.2895,-0.2439,-0.4286,-0.251,-0.2439,-0.3624,-0.2418,-0.0705,-0.3121,-0.2197,-0.0705,-0.3473,-0.2182,-0.0705,-0.3493,-0.2468,-0.0705,-0.3523,-0.2736,-0.1213,-0.3579,-0.3001,-0.1213,-0.3752,-0.3199,-0.1213,-0.3796,-0.3251,-0.1213,-0.4583,-0.3881,-0.2977,-0.5126,-0.4205,-0.2977,-0.5699,-0.4765,-0.2977,-0.6132,-0.5193,-0.2977,-0.6757,-0.5999,-0.531,-0.7433,-0.644,-0.531,-0.7929,-0.6852,-0.531
2025-06-18,-0.7731,-0.779,-0.531,-0.7324,-0.7996,-0.8539,-0.8088,-0.8476,-0.8539,-0.8094,-0.8762,-0.8539,-0.8631,-0.8992,-0.8539,-0.9088,-0.9188,-0.9526,-0.9235,-0.939,-0.9526,-0.9399,-0.953,-0.9526,-0.9571,-0.9734,-0.9526,-0.9569,-0.9826,-0.9825,-0.9787,-0.9717,-0.9825,-0.9472,-0.9895,-0.9825,-0.9837,-0.9916,-0.9825,-0.9699,-0.9912,-0.9885,-0.9922,-0.9916,-0.9885,-0.9899,-0.9935,-0.9885,-1.0032,-0.9949,-0.9885,-0.9756,-0.9905,-0.9556,-0.9673,-0.99,-0.9556,-0.9648,-0.9708,-0.9556,-0.9592,-0.9532,-0.9556,-0.8645,-0.9008,-0.8419,-0.8664,-0.8839,-0.8419,-0.8501,-0.8469,-0.8419,-0.7534,-0.8086,-0.8419,-0.6906,-0.7094,-0.6745,-0.6944,-0.6975,-0.6745,-0.6834,-0.6597,-0.6745,-0.6726,-0.6601,-0.6745,-0.5829,-0.5934,-0.6237,-0.5795,-0.6097,-0.6237,-0.6269,-0.6032,-0.6237,-0.7134,-0.5834,-0.6237,-0.7301,-0.6126,-0.83,-0.8546,-0.6993,-0.83,-0.956,-0.7625,-0.83,-1.0256,-0.8504,-0.83,-1.1751,-0.9148,-1.2366,-1.2789,-1.0612,-1.2366,-1.3846,-1.1313,-1.2366,-1.4871,-1.2213,-1.2366,-1.5721,-1.2653,-1.5775,-1.6641,-1.3106,-1.5775,-1.7656,-1.416,-1.5775,-1.8691,-1.4343,-1.5775,-1.986,-1.5431,-1.8586,-2.0498,-1.551,-1.8586,-2.0667,-1.5776,-1.8586,-2.093,-1.679,-1.8586,-2.2534,-1.8122,-2.2383,-2.3286,-1.8095,-2.2383,-2.4092,-1.921,-2.2383,-2.4889,-1.9911,-2.2383,-2.4414,-1.91,-2.3699,-2.4177,-1.914,-2.3699,-2.4344,-1.9009,-2.3699,-2.4558,-1.9446,-2.3699,-2.4797,-1.8977,-2.3819,-2.5213,-1.924,-2.3819,-2.525,-1.9592,-2.3819,-2.5012,-1.9796,-2.3819,-2.4832,-1.9065,-2.2443,-2.3972,-1.784,-2.2443,-2.0892,-1.7068,-2.2443,-1.9593,-1.5295,-2.2443,-1.9679,-1.4573,-1.8526,-1.9527,-1.4271,-1.8526,-1.8718,-1.3652,-1.8526,-1.9648,-1.3233,-1.8526,-1.919,-1.3116,-1.446,-1.7677,-1.1519,-1.446,-1.6068,-1.0294,-1.446,-1.5195,-0.9586,-1.446,-1.3882,-0.8925,-0.836,-1.2277,-0.6833,-0.836,-1.0783,-0.6168,-0.836,-0.9444,-0.5027,-0.836,-0.7836,-0.4038,-0.3844,-0.6374,-0.3186,-0.3844,-0.545,-0.2562,-0.3844,-0.4532,-0.2376,-0.3844,-0.4069,-0.221,-0.214,-0.3973,-0.1957,-0.214,-0.3613,-0.2095,-0.214,-0.3338,-0.2446,-0.214,-0.4035,-0.2543,-0.2559,-0.3987,-0.2924,-0.2559,-0.4223,-0.3023,-0.2559,-0.4286,-0.3107,-0.2559,-0.4224,-0.3785,-0.4233,-0.5003,-0.4141,-0.4233,-0.5676,-0.4742,-0.4233,-0.5633,-0.5314,-0.4233,-0.5946,-0.5937,-0.6386,-0.6356,-0.6456,-0.6386,-0.6283,-0.6793,-0.6386
2025-06-19,-0.6633,-0.7426,-0.6386,-0.6836,-0.771,-0.827,-0.7359,-0.8242,-0.827,-0.7975,-0.8549,-0.827,-0.8309,-0.8869,-0.827,-0.8121,-0.8999,-0.9406,-0.8456,-0.9182,-0.9406,-0.8963,-0.9383,-0.9406,-0.9165,-0.958,-0.9406,-0.9149,-0.9706,-0.9735,-0.929,-0.9673,-0.9735,-0.9323,-0.9858,-0.9735,-0.9492,-0.9832,-0.9735,-0.951,-0.9798,-0.9944,-0.9677,-0.9854,-0.9944,-0.9558,-0.9911,-0.9944,-0.9589,-1.0012,-0.9944,-0.9673,-0.9906,-0.9825,-0.9619,-0.9947,-0.9825,-0.9438,-0.9769,-0.9825,-0.944,-0.9565,-0.9825,-0.9071,-0.9144,-0.9346,-0.904,-0.8966,-0.9346,-0.9097,-0.8534,-0.9346,-0.9017,-0.8121,-0.9346,-0.8972,-0.7117,-0.9346,-0.9189,-0.6908,-0.9346,-0.9521,-0.6582,-0.9346,-1.0045,-0.6491,-0.9346,-1.0406,-0.5963,-1.129,-1.0981,-0.6065,-1.129,-1.1704,-0.5882,-1.129,-1.2726,-0.5854,-1.129,-1.3035,-0.5965,-1.2217,-1.4413,-0.6751,-1.2217,-1.4954,-0.7148,-1.2217,-1.6085,-0.7781,-1.2217,-1.7148,-0.8771,-1.5446,-1.8124,-0.9812,-1.5446,-1.9206,-1.0333,-1.5446,-2.0315,-1.1962,-1.5446,-2.1239,-1.1749,-1.8347,-2.2476,-1.2853,-1.8347,-2.3314,-1.3453,-1.8347,-2.4208,-1.4244,-1.8347,-2.5388,-1.5136,-2.2324,-2.618,-1.5318,-2.2324,-2.6888,-1.5685,-2.2324,-2.7127,-1.6135,-2.2324,-2.7447,-1.7009,-2.4955,-2.8123,-1.8185,-2.4955,-2.8667,-1.877,-2.4955,-2.9522,-1.938,-2.4955,-3.0,-1.9135,-2.6301,-3.0599,-1.9076,-2.6301,-3.0535,-1.8832,-2.6301,-3.0706,-1.9242,-2.6301,-3.066,-1.9444,-2.5942,-3.0819,-1.9655,-2.5942,-3.0563,-1.9541,-2.5942,-3.0449,-1.9695,-2.5942,-2.9466,-1.8393,-2.4058,-2.9362,-1.7351,-2.4058,-2.8332,-1.6606,-2.4058,-2.7866,-1.5463,-2.4058,-2.6826,-1.4759,-2.0978,-2.5983,-1.3927,-2.0978,-2.3997,-1.3546,-2.0978,-1.9896,-1.3529,-2.0978,-1.7208,-1.2617,-1.5596,-1.5318,-1.1499,-1.5596,-1.2183,-1.0286,-1.5596,-1.1162,-0.8527,-1.5596,-1.0346,-0.8166,-0.9227,-0.908,-0.6653,-0.9227,-0.7437,-0.624,-0.9227,-0.5773,-0.4532,-0.9227,-0.7057,-0.3864,-0.4981,-0.9368,-0.3044,-0.4981,-0.7925,-0.2633,-0.4981,-0.7696,-0.2134,-0.4981,-0.6801,-0.204,-0.2828,-0.6069,-0.1855,-0.2828,-0.5227,-0.1978,-0.2828,-0.5192,-0.2325,-0.2828,-0.5272,-0.2515,-0.3187,-0.4617,-0.2705,-0.3187,-0.5146,-0.293,-0.3187,-0.4938,-0.2988,-0.3187,-0.5261,-0.3764,-0.4652,-0.5527,-0.4078,-0.4652,-0.6192,-0.4584,-0.4652,-0.6592,-0.5146,-0.4652,-0.7292,-0.5793,-0.6655,-0.759,-0.6329,-0.6655,-0.824,-0.6682,-0.6655
2025-06-20,-0.8391,-0.723,-0.6655,-0.8714,-0.7491,-0.8001,-0.8895,-0.7946,-0.8001,-0.9365,-0.8298,-0.8001,-0.9468,-0.8654,-0.8001,-0.9744,-0.8844,-0.9316,-0.9985,-0.9023,-0.9316,-0.9999,-0.915,-0.9316,-1.0187,-0.9551,-0.9316,-1.0318,-0.9585,-0.9645,-1.0532,-0.9593,-0.9645,-1.0494,-0.9761,-0.9645,-1.0701,-0.9775,-0.9645,-1.0753,-0.9659,-0.9885,-1.0597,-0.972,-0.9885,-1.0872,-0.9905,-0.9885,-1.0879,-0.9901,-0.9885,-1.0736,-0.9754,-0.9645,-1.0898,-0.9773,-0.9645,-1.0743,-0.9577,-0.9645,-1.0426,-0.936,-0.9645,-1.0235,-0.8944,-0.83,-0.9898,-0.87,-0.83,-1.0005,-0.8366,-0.83,-0.9685,-0.7802,-0.83,-0.9101,-0.7006,-0.6775,-0.9271,-0.6867,-0.6775,-0.9257,-0.6513,-0.6775,-0.9616,-0.6359,-0.6775,-0.8976,-0.5734,-0.6177,-0.9268,-0.5676,-0.6177,-0.9627,-0.5654,-0.6177,-1.0057,-0.6023,-0.6177,-1.0513,-0.6137,-0.8898,-1.109,-0.6765,-0.8898,-1.2079,-0.7265,-0.8898,-1.3153,-0.784,-0.8898,-1.3804,-0.8888,-1.3353,-1.51,-0.9818,-1.3353,-1.6351,-1.0152,-1.3353,-1.7443,-1.1535,-1.3353,-1.8422,-1.1887,-1.73,-1.9271,-1.3293,-1.73,-2.0062,-1.4067,-1.73,-2.0684,-1.4804,-1.73,-2.1805,-1.5442,-2.0649,-2.2429,-1.5375,-2.0649,-2.2184,-1.5949,-2.0649,-2.2578,-1.5714,-2.0649,-2.3133,-1.6936,-2.3938,-2.4129,-1.8036,-2.3938,-2.4786,-1.8439,-2.3938,-2.57,-1.8615,-2.3938,-2.5933,-1.8053,-2.4626,-2.5946,-1.8953,-2.4626,-2.6111,-1.8869,-2.4626,-2.5696,-1.8859,-2.4626,-2.5752,-1.9277,-2.5314,-2.6102,-1.9334,-2.5314,-2.5757,-1.8941,-2.5314,-2.5956,-1.9838,-2.5314,-2.5413,-1.8441,-2.2533,-2.2493,-1.7211,-2.2533,-2.3723,-1.6594,-2.2533,-2.0743,-1.5256,-2.2533,-2.1322,-1.4482,-1.9543,-2.0747,-1.4558,-1.9543,-1.4095,-1.3409,-1.9543,-1.1414,-1.2433,-1.9543,-0.6868,-1.1969,-1.7151,-0.4442,-1.0783,-1.7151,-0.4247,-0.9386,-1.7151,-0.6366,-0.7338,-1.7151,-0.8442,-0.718,-1.1619,-0.8354,-0.6052,-1.1619,-0.801,-0.5499,-1.1619,-0.5558,-0.3848,-1.1619,-0.3218,-0.3556,-0.5967,-0.2941,-0.267,-0.5967,-0.461,-0.2303,-0.5967,-0.6228,-0.1831,-0.5967,-0.5107,-0.1868,-0.3635,-0.3905,-0.1748,-0.3635,-0.3494,-0.1786,-0.3635,-0.3296,-0.2097,-0.3635,-0.3305,-0.2348,-0.4024,-0.358,-0.2568,-0.4024,-0.3733,-0.2603,-0.4024,-0.3629,-0.2803,-0.4024,-0.4366,-0.3528,-0.5041,-0.4886,-0.3928,-0.5041,-0.4995,-0.4366,-0.5041,-0.5462,-0.4946,-0.5041,-0.623,-0.5513,-0.6237,-0.6284,-0.6012,-0.6237,-0.6864,-0.6454,-0.6237
2025-06-21,-0.725,-0.6966,-0.6237,-0.7098,-0.7185,-0.7044,-0.7661,-0.767,-0.7044,-0.8336,-0.7992,-0.7044,-0.8463,-0.8357,-0.7044,-0.8849,-0.8566,-0.824,-0.9036,-0.8827,-0.824,-0.9889,-0.8996,-0.824,-0.9957,-0.9482,-0.824,-1.0207,-0.9619,-0.9137,-1.0318,-0.9685,-0.9137,-1.0634,-0.9849,-0.9137,-1.035,-0.9886,-0.9137,-1.03,-0.9776,-0.9376,-1.0566,-0.9907,-0.9376,-1.0594,-0.9933,-0.9376,-1.0805,-1.0095,-0.9376,-1.0601,-0.9848,-0.9376,-1.0754,-0.9881,-0.9376,-1.0523,-0.9617,-0.9376,-1.0273,-0.9431,-0.9376,-1.0077,-0.9219,-0.8928,-0.9823,-0.9081,-0.8928,-1.0151,-0.8934,-0.8928,-0.9901,-0.875,-0.8928,-0.965,-0.8353,-0.8898,-0.9718,-0.8507,-0.8898,-1.0049,-0.8484,-0.8898,-1.0752,-0.8814,-0.8898,-1.0817,-0.8665,-0.9496,-1.1124,-0.8929,-0.9496,-1.1833,-0.8636,-0.9496,-1.2145,-0.8819,-0.9496,-1.2716,-0.8639,-1.126,-1.338,-0.9138,-1.126,-1.4133,-0.9693,-1.126,-1.5122,-1.0663,-1.126,-1.6132,-1.0699,-1.5177,-1.7239,-1.1678,-1.5177,-1.8249,-1.1826,-1.5177,-1.9252,-1.2655,-1.5177,-2.0243,-1.2852,-1.9393,-2.066,-1.3515,-1.9393,-2.2078,-1.3911,-1.9393,-2.2899,-1.4337,-1.9393,-2.3698,-1.5468,-2.3221,-2.4653,-1.5133,-2.3221,-2.5018,-1.5,-2.3221,-2.5323,-1.4853,-2.3221,-2.6144,-1.5248,-2.5433,-2.6199,-1.5402,-2.5433,-2.7223,-1.5974,-2.5433,-2.764,-1.5746,-2.5433,-2.7858,-1.652,-2.6809,-2.8612,-1.6559,-2.6809,-2.9032,-1.6662,-2.6809,-2.7293,-1.7775,-2.6809,-2.6276,-1.7436,-2.654,-2.6834,-1.7855,-2.654,-2.7527,-1.7226,-2.654,-2.8385,-1.6355,-2.654,-2.8593,-1.661,-2.5015,-2.8208,-1.6255,-2.5015,-2.7942,-1.561,-2.5015,-2.6933,-1.532,-2.5015,-2.0304,-1.4649,-2.1755,-1.156,-1.4234,-2.1755,-0.5324,-1.3179,-2.1755,-0.4078,-1.2526,-2.1755,-0.4775,-1.2648,-1.5775,-0.577,-1.1743,-1.5775,-0.6523,-1.0375,-1.5775,-0.6798,-0.9402,-1.5775,-0.5123,-0.8323,-0.9436,-0.3555,-0.7475,-0.9436,-0.2541,-0.6621,-0.9436,-0.2996,-0.5688,-0.9436,-0.3173,-0.4917,-0.513,-0.3312,-0.4277,-0.513,-0.3557,-0.3792,-0.513,-0.4354,-0.3535,-0.513,-0.4788,-0.3493,-0.3097,-0.5904,-0.2937,-0.3097,-0.6723,-0.2981,-0.3097,-0.5901,-0.3178,-0.3097,-0.5649,-0.3451,-0.3097,-0.5884,-0.3768,-0.3097,-0.5989,-0.3691,-0.3097,-0.59,-0.3664,-0.3097,-0.6152,-0.4238,-0.4383,-0.6411,-0.4467,-0.4383,-0.6823,-0.5052,-0.4383,-0.714,-0.5329,-0.4383,-0.7843,-0.5979,-0.6117,-0.8078,-0.6377,-0.6117,-0.8264,-0.6722,-0.6117
2025-06-22,-0.8628,-0.7445,-0.6117,-0.8793,-0.7604,-0.7522,-0.9039,-0.8242,-0.7522,-0.9361,-0.8412,-0.7522,-0.9392,-0.8744,-0.7522,-0.9853,-0.8963,-0.8718,-1.0107,-0.9396,-0.8718,-1.0046,-0.9401,-0.8718,-1.0391,-0.9657,-0.8718,-1.0632,-0.982,-0.9705,-1.0683,-0.976,-0.9705,-1.0753,-1.0003,-0.9705,-1.1062,-1.0003,-0.9705,-1.0718,-1.0038,-1.0004,-1.1185,-1.0099,-1.0004,-1.1196,-1.0206,-1.0004,-1.1016,-1.0175,-1.0004,-1.0876,-1.0245,-1.0094,-1.0922,-1.0052,-1.0094,-1.072,-0.9976,-1.0094,-1.086,-0.9945,-1.0094,-1.0503,-0.9619,-0.9705,-1.0527,-0.952,-0.9705,-1.0315,-0.94,-0.9705,-1.0643,-0.9214,-0.9705,-1.0517,-0.8933,-1.0094,-1.0867,-0.9005,-1.0094,-1.1381,-0.9133,-1.0094,-1.2009,-0.9606,-1.0094,-1.2717,-0.9735,-1.1469,-1.3609,-0.9727,-1.1469,-1.4343,-0.9863,-1.1469,-1.543,-1.0384,-1.1469,-1.608,-1.0489,-1.4699,-1.6996,-1.0956,-1.4699,-1.8353,-1.125,-1.4699,-1.9476,-1.1618,-1.4699,-2.0123,-1.1794,-1.8855,-2.115,-1.274,-1.8855,-2.1987,-1.3184,-1.8855,-2.3114,-1.4603,-1.8855,-2.4397,-1.5003,-2.3041,-2.5107,-1.5439,-2.3041,-2.5929,-1.6792,-2.3041,-2.6782,-1.7693,-2.3041,-2.7293,-1.7986,-2.6719,-2.7905,-1.8115,-2.6719,-2.8076,-1.8676,-2.6719,-2.8424,-1.8351,-2.6719,-2.899,-1.8795,-2.8782,-2.9448,-1.9842,-2.8782,-2.9671,-1.9971,-2.8782,-3.0133,-2.0516,-2.8782,-3.0447,-2.0272,-3.0846,-3.0811,-2.065,-3.0846,-3.0939,-2.0957,-3.0846,-3.0977,-2.1172,-3.0846,-3.1165,-2.116,-3.0995,-3.1139,-2.0997,-3.0995,-3.1077,-2.1325,-3.0995,-3.087,-2.1813,-3.0995,-3.0619,-2.1305,-2.9111,-2.9966,-2.029,-2.9111,-2.9578,-2.0087,-2.9111,-2.8664,-1.9058,-2.9111,-2.7901,-1.8527,-2.4447,-2.7026,-1.8188,-2.4447,-2.5942,-1.7107,-2.4447,-2.4617,-1.6495,-2.4447,-2.3261,-1.547,-1.724,-2.2202,-1.3973,-1.724,-2.0063,-1.2548,-1.724,-1.8266,-1.1388,-1.724,-1.6482,-0.9846,-1.0243,-1.4616,-0.85,-1.0243,-1.2829,-0.7364,-1.0243,-1.1151,-0.6036,-1.0243,-0.9736,-0.546,-0.7971,-0.7924,-0.4796,-0.7971,-0.7084,-0.418,-0.7971,-0.5742,-0.3934,-0.7971,-0.5239,-0.3777,-0.5758,-0.4916,-0.3031,-0.5758,-0.4534,-0.3079,-0.5758,-0.4283,-0.3182,-0.5758,-0.4561,-0.3497,-0.4891,-0.4673,-0.4058,-0.4891,-0.5038,-0.3698,-0.4891,-0.483,-0.3678,-0.4891,-0.5266,-0.4437,-0.5818,-0.5476,-0.4751,-0.5818,-0.6103,-0.5434,-0.5818,-0.6531,-0.5714,-0.5818,-0.7186,-0.6452,-0.7821,-0.7498,-0.7075,-0.7821,-0.8135,-0.7305,-0.7821
2025-06-23,-0.831,-0.8108,-0.7821,-0.8658,-0.8282,-0.821,-0.9343,-0.8758,-0.821,-0.9372,-0.9021,-0.821,-0.9894,-0.9294,-0.821,-1.0302,-0.9478,-0.9197,-1.0568,-0.9703,-0.9197,-1.0779,-0.9796,-0.9197,-1.083,-1.0106,-0.9197,-1.0732,-1.0299,-0.9795,-1.0921,-1.0189,-0.9795,-1.0866,-1.0241,-0.9795,-1.0977,-1.0338,-0.9795,-1.1043,-1.0335,-0.9944,-1.1334,-1.0242,-0.9944,-1.116,-1.0351,-0.9944,-1.1109,-1.0282,-0.9944,-1.0924,-1.026,-0.9765,-1.0909,-1.0132,-0.9765,-1.071,-0.989,-0.9765,-1.0724,-0.9784,-0.9765,-1.0217,-0.9376,-0.8509,-0.9867,-0.9028,-0.8509,-0.9246,-0.8819,-0.8509,-0.9106,-0.8359,-0.8509,-0.8364,-0.7382,-0.6386,-0.8324,-0.7128,-0.6386,-0.7661,-0.6902,-0.6386,-0.7599,-0.6831,-0.6386,-0.6925,-0.6368,-0.4981,-0.7644,-0.6144,-0.4981,-0.8014,-0.5794,-0.4981,-0.8125,-0.6205,-0.4981,-0.8758,-0.6016,-0.7403,-0.9888,-0.6753,-0.7403,-1.0454,-0.7584,-0.7403,-1.0469,-0.8123,-0.7403,-0.8016,-0.9282,-1.1649,-0.354,-1.0327,-1.1649,-0.4041,-0.9841,-1.1649,-0.6042,-1.0992,-1.1649,-1.0269,-1.0673,-1.5028,-1.2234,-1.1419,-1.5028,-1.038,-1.2294,-1.5028,-0.9669,-1.1976,-1.5028,-1.3788,-1.3057,-1.8137,-1.7213,-1.3669,-1.8137,-1.9513,-1.4098,-1.8137,-1.5403,-1.3884,-1.8137,-0.22,-1.4997,-2.2234,0.2066,-1.5598,-2.2234,0.1182,-1.668,-2.2234,-0.3695,-1.7513,-2.2234,-0.7801,-1.753,-2.355,-1.2459,-1.7242,-2.355,-1.4681,-1.6834,-2.355,-1.6649,-1.7259,-2.355,-1.8584,-1.7364,-2.3878,-1.8527,-1.695,-2.3878,-1.8767,-1.7866,-2.3878,-1.5867,-1.8123,-2.3878,-1.5767,-1.7307,-2.2533,-1.6474,-1.6595,-2.2533,-1.8289,-1.6726,-2.2533,-1.4569,-1.5161,-2.2533,-1.39,-1.3653,-1.8975,-1.4792,-1.3153,-1.8975,-1.6004,-1.2325,-1.8975,-1.5047,-1.1558,-1.8975,-1.3354,-1.1717,-1.419,-1.1331,-1.0839,-1.419,-0.9879,-0.958,-1.419,-0.8268,-0.7293,-1.419,-0.875,-0.6475,-0.83,-0.5779,-0.4695,-0.83,-0.4936,-0.4992,-0.83,-0.3585,-0.405,-0.83,-0.37,-0.3674,-0.3904,-0.3256,-0.2881,-0.3904,-0.2779,-0.264,-0.3904,-0.2622,-0.2383,-0.3904,-0.2623,-0.2493,-0.2439,-0.2727,-0.225,-0.2439,-0.277,-0.2252,-0.2439,-0.308,-0.2658,-0.2439,-0.3628,-0.3011,-0.3097,-0.3906,-0.3201,-0.3097,-0.414,-0.3407,-0.3097,-0.4261,-0.3569,-0.3097,-0.47,-0.4203,-0.4861,-0.5423,-0.4621,-0.4861,-0.5955,-0.5145,-0.4861,-0.6565,-0.5512,-0.4861,-0.7087,-0.6209,-0.6954,-0.7708,-0.6782,-0.6954,-0.8173,-0.7162,-0.6954
2025-06-24,-0.8267,-0.7934,-0.6954,-0.8519,-0.8059,-0.827,-0.9306,-0.8641,-0.827,-0.9323,-0.8903,-0.827,-0.9481,-0.9089,-0.827,-0.9886,-0.9344,-0.9406,-0.9973,-0.9613,-0.9406,-1.0241,-0.9747,-0.9406,-1.0348,-0.9883,-0.9406,-1.0099,-1.0078,-0.9735,-1.0006,-0.9997,-0.9735,-1.0346,-1.0063,-0.9735,-1.0255,-1.0165,-0.9735,-0.9627,-1.0142,-0.9944,-0.913,-1.008,-0.9944,-0.9115,-1.0168,-0.9944,-0.9009,-1.0202,-0.9944,-0.926,-1.0127,-0.9825,-1.0043,-1.0048,-0.9825,-0.9961,-0.9904,-0.9825,-0.9982,-0.9753,-0.9825,-0.9497,-0.9305,-0.8629,-0.943,-0.9041,-0.8629,-0.925,-0.8833,-0.8629,-0.8416,-0.8326,-0.8629,-0.8014,-0.7404,-0.6566,-0.7814,-0.7027,-0.6566,-0.7676,-0.6666,-0.6566,-0.7867,-0.6612,-0.6566,-0.7262,-0.6069,-0.5639,-0.7583,-0.6056,-0.5639,-0.7447,-0.5893,-0.5639,-0.8217,-0.5764,-0.5639,-0.8556,-0.6096,-0.9257,-0.9697,-0.7139,-0.9257,-1.0723,-0.7984,-0.9257,-1.2157,-0.8446,-0.9257,-1.301,-0.8875,-1.422,-1.4207,-1.013,-1.422,-1.5369,-1.0789,-1.422,-1.6466,-1.1915,-1.422,-1.7591,-1.2332,-1.8616,-1.8444,-1.321,-1.8616,-1.9286,-1.4158,-1.8616,-2.0319,-1.5023,-1.8616,-2.1208,-1.5844,-2.1486,-2.1645,-1.6039,-2.1486,-2.1571,-1.6151,-2.1486,-2.1932,-1.6195,-2.1486,-2.3495,-1.7566,-2.5075,-2.4586,-1.8157,-2.5075,-2.5265,-1.8774,-2.5075,-2.5425,-1.8964,-2.5075,-2.536,-1.8289,-2.5792,-2.4954,-1.917,-2.5792,-2.4831,-1.9113,-2.5792,-2.5043,-1.9535,-2.5792,-2.5183,-1.97,-2.5583,-2.5026,-1.9114,-2.5583,-2.5084,-1.9193,-2.5583,-2.484,-1.9276,-2.5583,-2.4396,-1.8372,-2.4088,-2.3353,-1.746,-2.4088,-2.2766,-1.7396,-2.4088,-2.1123,-1.6498,-2.4088,-1.9853,-1.5491,-2.1247,-1.8424,-1.4601,-2.1247,-1.7795,-1.4297,-2.1247,-1.6844,-1.3744,-2.1247,-1.5478,-1.2848,-1.6971,-1.3237,-1.1493,-1.6971,-1.1599,-1.0367,-1.6971,-0.9935,-0.9051,-1.6971,-0.8742,-0.826,-1.1021,-0.881,-0.5916,-1.1021,-0.8776,-0.5999,-1.1021,-0.8303,-0.4841,-1.1021,-0.7917,-0.415,-0.5579,-0.6817,-0.3364,-0.5579,-0.6024,-0.28,-0.5579,-0.5261,-0.2455,-0.5579,-0.447,-0.2275,-0.3306,-0.3466,-0.216,-0.3306,-0.3241,-0.2219,-0.3306,-0.3368,-0.2404,-0.3306,-0.3224,-0.2847,-0.3545,-0.3512,-0.3144,-0.3545,-0.3733,-0.331,-0.3545,-0.3898,-0.3212,-0.3545,-0.4157,-0.4,-0.531,-0.4935,-0.4358,-0.531,-0.5278,-0.4916,-0.531,-0.591,-0.5499,-0.531,-0.6854,-0.6149,-0.7403,-0.7182,-0.6721,-0.7403,-0.7847,-0.7102,-0.7403
2025-06-25,-0.7956,-0.7858,-0.7403,-0.8432,-0.7911,-0.815,-0.8644,-0.8523,-0.815,-0.892,-0.8747,-0.815,-0.8914,-0.8948,-0.815,-0.9605,-0.9325,-0.9257,-0.9738,-0.9434,-0.9257,-0.9977,-0.9608,-0.9257,-0.987,-0.9883,-0.9257,-1.0055,-1.0037,-0.9705,-0.9891,-0.9996,-0.9705,-1.0088,-1.0046,-0.9705,-1.0219,-1.0125,-0.9705,-1.0371,-1.007,-0.9914,-1.0187,-1.0104,-0.9914,-1.031,-1.0225,-0.9914,-1.0091,-1.0175,-0.9914,-1.0072,-1.0159,-0.9705,-1.0255,-1.0096,-0.9705,-1.0185,-0.9904,-0.9705,-1.0087,-0.9712,-0.9705,-0.9411,-0.9224,-0.833,-0.8898,-0.8952,-0.833,-0.9004,-0.8619,-0.833,-0.8609,-0.8116,-0.833,-0.7883,-0.7258,-0.6087,-0.7798,-0.6911,-0.6087,-0.7672,-0.6789,-0.6087,-0.7712,-0.6768,-0.6087,-0.7324,-0.6435,-0.507,-0.7626,-0.6224,-0.507,-0.7736,-0.6159,-0.507,-0.8249,-0.6259,-0.507,-0.8771,-0.608,-0.8689,-0.9871,-0.6706,-0.8689,-1.0659,-0.7477,-0.8689,-1.083,-0.8171,-0.8689,-1.1314,-0.8729,-1.3323,-1.1742,-0.9622,-1.3323,-1.3526,-1.0263,-1.3323,-1.5225,-1.1278,-1.3323,-1.6078,-1.1747,-1.7629,-1.7077,-1.2559,-1.7629,-1.8179,-1.3515,-1.7629,-1.8986,-1.4414,-1.7629,-1.9787,-1.5141,-2.053,-1.9304,-1.4593,-2.053,-1.9164,-1.5083,-2.053,-1.9937,-1.5613,-2.053,-2.1894,-1.6414,-2.4088,-2.288,-1.7512,-2.4088,-2.3616,-1.8256,-2.4088,-2.3814,-1.8738,-2.4088,-2.3566,-1.8443,-2.4925,-2.3488,-1.8388,-2.4925,-2.3363,-1.8832,-2.4925,-2.3499,-1.9227,-2.4925,-2.3299,-1.9492,-2.4746,-2.3034,-1.9462,-2.4746,-2.2785,-1.8572,-2.4746,-2.2575,-1.8711,-2.4746,-2.2272,-1.7433,-2.328,-2.1728,-1.7049,-2.328,-2.1178,-1.6679,-2.328,-2.0595,-1.558,-2.328,-1.974,-1.5242,-2.0051,-1.9037,-1.4565,-2.0051,-1.846,-1.361,-2.0051,-1.7296,-1.3048,-2.0051,-1.6699,-1.2457,-1.5745,-1.5963,-1.1034,-1.5745,-1.482,-0.9814,-1.5745,-1.3306,-0.8459,-1.5745,-1.1658,-0.7161,-0.9974,-0.9816,-0.5782,-0.9974,-0.8962,-0.5689,-0.9974,-0.7645,-0.4364,-0.9974,-0.6403,-0.3691,-0.4861,-0.4898,-0.3328,-0.4861,-0.4011,-0.2757,-0.4861,-0.2879,-0.244,-0.4861,-0.2482,-0.2498,-0.2828,-0.2086,-0.2168,-0.2828,-0.2168,-0.2239,-0.2828,-0.2317,-0.2614,-0.2828,-0.241,-0.2841,-0.3127,-0.2569,-0.3166,-0.3127,-0.2808,-0.3301,-0.3127,-0.3008,-0.32,-0.3127,-0.3537,-0.393,-0.4861,-0.4095,-0.4262,-0.4861,-0.4755,-0.4908,-0.4861,-0.5018,-0.524,-0.4861,-0.5792,-0.5942,-0.6954,-0.6178,-0.6514,-0.6954,-0.6653,-0.6918,-0.6954
2025-06-26,-0.6928,-0.7542,-0.6954,-0.7028,-0.7717,-0.9137,-0.754,-0.8317,-0.9137,-0.7903,-0.853,-0.9137,-0.8253,-0.8855,-0.9137,-0.8398,-0.9149,-1.0094,-0.8817,-0.9335,-1.0094,-0.8933,-0.9464,-1.0094,-0.8938,-0.9745,-1.0094,-0.909,-0.9894,-1.0184,-0.9047,-0.9869,-1.0184,-0.9471,-0.9969,-1.0184,-0.9522,-0.9983,-1.0184,-0.9382,-1.0014,-0.9645,-0.951,-0.9971,-0.9645,-0.947,-1.0009,-0.9645,-0.9458,-1.0132,-0.9645,-0.9538,-0.9985,-0.9795,-0.9647,-0.9934,-0.9795,-0.9638,-0.9865,-0.9795,-0.9376,-0.9794,-0.9795,-0.8766,-0.9209,-0.9137,-0.8211,-0.9026,-0.9137,-0.8121,-0.8827,-0.9137,-0.7527,-0.8509,-0.9137,-0.698,-0.769,-0.7791,-0.6532,-0.7628,-0.7791,-0.5608,-0.7377,-0.7791,-0.4998,-0.7384,-0.7791,-0.346,-0.6655,-0.7582,-0.3096,-0.6494,-0.7582,-0.2858,-0.6318,-0.7582,-0.3368,-0.5754,-0.7582,-0.3337,-0.5855,-0.7044,-0.3028,-0.5959,-0.7044,-0.3111,-0.6539,-0.7044,-0.7156,-0.704,-0.7044,-0.7504,-0.828,-1.0871,-0.611,-0.8445,-1.0871,-0.9207,-0.8834,-1.0871,-0.8468,-0.8758,-1.0871,-0.7936,-0.9518,-1.4549,-0.9883,-1.0317,-1.4549,-0.862,-1.1558,-1.4549,-0.5937,-1.1758,-1.4549,-0.437,-1.2204,-1.7928,0.474,-1.2734,-1.7928,-0.9093,-1.2485,-1.7928,-0.7609,-1.1751,-1.7928,-0.7682,-1.3484,-2.1008,-0.9943,-1.5502,-2.1008,-1.8167,-1.5498,-2.1008,-1.9831,-1.5904,-2.1008,-1.4016,-1.611,-2.1965,-0.7297,-1.7431,-2.1965,-0.6652,-1.6292,-2.1965,-0.2524,-1.7584,-2.1965,-0.2968,-1.6739,-2.2025,-0.2919,-1.7201,-2.2025,-0.5035,-1.6393,-2.2025,-0.8103,-1.4712,-2.2025,-1.1599,-1.3838,-1.9274,-1.0873,-1.3246,-1.9274,-0.9686,-1.2868,-1.9274,-0.7315,-1.2257,-1.9274,-0.3406,-1.1581,-1.6194,-0.434,-1.152,-1.6194,-0.6102,-0.998,-1.6194,-0.4864,-1.0055,-1.6194,-0.3844,-1.0066,-1.3024,-0.4074,-0.9964,-1.3024,-0.6878,-0.8536,-1.3024,-0.6411,-0.7348,-1.3024,-0.4686,-0.6432,-0.818,-0.3652,-0.4831,-0.818,-0.3243,-0.4999,-0.818,-0.1634,-0.4067,-0.818,-0.2236,-0.3343,-0.5967,-0.2649,-0.3103,-0.5967,-0.2451,-0.3101,-0.5967,-0.239,-0.2774,-0.5967,-0.2223,-0.2685,-0.3635,-0.2264,-0.2336,-0.3635,-0.2045,-0.2408,-0.3635,-0.2066,-0.2624,-0.3635,-0.2385,-0.3102,-0.4024,-0.2809,-0.3207,-0.4024,-0.2802,-0.3373,-0.4024,-0.2836,-0.3501,-0.4024,-0.3341,-0.395,-0.5041,-0.3745,-0.455,-0.5041,-0.4296,-0.5075,-0.5041,-0.4933,-0.5565,-0.5041,-0.525,-0.6152,-0.6237,-0.585,-0.6755,-0.6237,-0.6341,-0.7147,-0.6237
2025-06-27,-0.6812,-0.7584,-0.6237,-0.6986,-0.7751,-0.9137,-0.7332,-0.8227,-0.9137,-0.7645,-0.8644,-0.9137,-0.8044,-0.8826,-0.9137,-0.8078,-0.9041,-1.0094,-0.8195,-0.9348,-1.0094,-0.8464,-0.9497,-1.0094,-0.8658,-0.9637,-1.0094,-0.8824,-0.9813,-1.0184,-0.8706,-0.9851,-1.0184,-0.8893,-0.9896,-1.0184,-0.8938,-0.9897,-1.0184,-0.8942,-0.9816,-0.9645,-0.892,-0.9993,-0.9645,-0.888,-0.9973,-0.9645,-0.8976,-0.9868,-0.9645,-0.8848,-0.9926,-0.9496,-0.8495,-0.9732,-0.9496,-0.8631,-0.9618,-0.9496,-0.8549,-0.9459,-0.9496,-0.7777,-0.8962,-0.839,-0.7721,-0.8762,-0.839,-0.7464,-0.8525,-0.839,-0.6794,-0.8171,-0.839,-0.6111,-0.7583,-0.6476,-0.6349,-0.7559,-0.6476,-0.656,-0.7369,-0.6476,-0.6811,-0.7173,-0.6476,-0.6162,-0.6659,-0.5459,-0.6298,-0.6427,-0.5459,-0.6786,-0.6401,-0.5459,-0.6602,-0.6392,-0.5459,-0.7153,-0.6253,-0.7283,-0.8539,-0.6917,-0.7283,-1.03,-0.7399,-0.7283,-0.9369,-0.8082,-0.7283,-0.9986,-0.934,-1.1559,-0.862,-1.0406,-1.1559,-1.0141,-1.0488,-1.1559,-1.4286,-1.1397,-1.1559,-1.6449,-1.1938,-1.5715,-1.7642,-1.1967,-1.5715,-1.5868,-1.3299,-1.5715,-1.6856,-1.3524,-1.5715,-1.4034,-1.4243,-1.9453,-1.5597,-1.4671,-1.9453,-1.7078,-1.4664,-1.9453,-1.7371,-1.632,-1.9453,-1.9911,-1.6972,-2.2892,-1.7791,-1.8551,-2.2892,-2.2052,-1.9363,-2.2892,-2.1083,-1.958,-2.2892,-2.3894,-1.8842,-2.3908,-2.5176,-1.9653,-2.3908,-2.545,-1.9668,-2.3908,-2.4934,-1.9715,-2.3908,-2.5536,-1.9092,-2.3819,-2.5411,-1.9596,-2.3819,-2.4927,-1.9324,-2.3819,-2.4796,-1.9336,-2.3819,-2.4485,-1.7864,-2.1427,-2.373,-1.669,-2.1427,-2.3058,-1.6356,-2.1427,-2.2588,-1.5078,-2.1427,-2.1645,-1.4924,-1.7689,-2.009,-1.4596,-1.7689,-1.9788,-1.4192,-1.7689,-1.7667,-1.3719,-1.7689,-1.6178,-1.3463,-1.3234,-1.4057,-1.2302,-1.3234,-1.4349,-1.1173,-1.3234,-1.3915,-1.0645,-1.3234,-1.2425,-0.9062,-0.7313,-1.0523,-0.7887,-0.7313,-0.8913,-0.6626,-0.7313,-0.7178,-0.523,-0.7313,-0.626,-0.4119,-0.2918,-0.5675,-0.3345,-0.2918,-0.4214,-0.29,-0.2918,-0.2926,-0.2221,-0.2918,-0.2369,-0.22,-0.1393,-0.1857,-0.2028,-0.1393,-0.2053,-0.2138,-0.1393,-0.2115,-0.2354,-0.1393,-0.2781,-0.2623,-0.1961,-0.3028,-0.2944,-0.1961,-0.3114,-0.291,-0.1961,-0.3013,-0.3052,-0.1961,-0.3442,-0.3538,-0.3575,-0.4014,-0.3981,-0.3575,-0.4438,-0.4399,-0.3575,-0.5116,-0.4949,-0.3575,-0.5473,-0.5677,-0.5639,-0.5984,-0.6105,-0.5639,-0.641,-0.6482,-0.5639
2025-06-28,-0.6696,-0.6581,-0.5639,-0.7246,-0.677,-0.9137,-0.7454,-0.7215,-0.9137,-0.7786,-0.7402,-0.9137,-0.8124,-0.7885,-0.9137,-0.8197,-0.8105,-1.0094,-0.8679,-0.8377,-1.0094,-0.909,-0.8765,-1.0094,-0.9485,-0.9081,-1.0094,-0.9541,-0.9302,-1.0184,-0.9638,-0.9466,-1.0184,-0.9916,-0.9526,-1.0184,-0.9668,-0.9639,-1.0184,-0.9663,-0.9689,-0.9645,-0.9905,-0.9669,-0.9645,-0.986,-0.9798,-0.9645,-1.006,-0.9722,-0.9645,-1.0037,-0.9699,-0.9675,-1.0033,-0.9582,-0.9675,-1.0035,-0.9437,-0.9675,-0.9805,-0.9415,-0.9675,-0.9299,-0.9018,-0.9107,-0.9498,-0.885,-0.9107,-0.935,-0.881,-0.9107,-0.9013,-0.8686,-0.9107,-0.8995,-0.8431,-0.8958,-0.9014,-0.8429,-0.8958,-0.9659,-0.8405,-0.8958,-0.9986,-0.8692,-0.8958,-0.9978,-0.8588,-0.9705,-1.1075,-0.851,-0.9705,-1.1254,-0.8516,-0.9705,-1.1953,-0.8351,-0.9705,-1.2244,-0.8183,-1.1679,-1.3377,-0.8667,-1.1679,-1.4047,-0.9129,-1.1679,-1.5014,-0.995,-1.1679,-1.6031,-1.0018,-1.5297,-1.6736,-1.1669,-1.5297,-1.8116,-1.2475,-1.5297,-1.9152,-1.3434,-1.5297,-2.0226,-1.3916,-1.8676,-2.1226,-1.4089,-1.8676,-2.2004,-1.5085,-1.8676,-2.2633,-1.6216,-1.8676,-2.3429,-1.6842,-2.1427,-2.4498,-1.6771,-2.1427,-2.3278,-1.6908,-2.1427,-2.368,-1.6628,-2.1427,-2.4405,-1.7714,-2.4177,-2.4983,-1.8368,-2.4177,-2.5376,-1.8761,-2.4177,-2.562,-1.9507,-2.4177,-2.6281,-1.9449,-2.5643,-2.6121,-1.9983,-2.5643,-2.6093,-2.0407,-2.5643,-2.6705,-2.0205,-2.5643,-2.795,-2.0491,-2.5702,-2.7613,-2.0127,-2.5702,-2.7338,-2.0449,-2.5702,-2.6745,-2.0726,-2.5702,-2.5979,-2.0228,-2.4985,-2.5313,-1.9737,-2.4985,-2.4888,-1.9048,-2.4985,-2.4103,-1.8118,-2.4985,-2.3615,-1.7506,-2.1307,-2.26,-1.7323,-2.1307,-2.1217,-1.6113,-2.1307,-2.0117,-1.5416,-2.1307,-1.9192,-1.4658,-1.5297,-1.8385,-1.3423,-1.5297,-1.685,-1.2051,-1.5297,-1.5356,-1.0996,-1.5297,-1.381,-0.9851,-0.8838,-1.2297,-0.8738,-0.8838,-1.0583,-0.7522,-0.8838,-0.9179,-0.5954,-0.8838,-0.7511,-0.5274,-0.4323,-0.5871,-0.4534,-0.4323,-0.4835,-0.3868,-0.4323,-0.3539,-0.3598,-0.4323,-0.2834,-0.3387,-0.2678,-0.2236,-0.3045,-0.2678,-0.2326,-0.2924,-0.2678,-0.2352,-0.3228,-0.2678,-0.2777,-0.3244,-0.2977,-0.286,-0.3612,-0.2977,-0.3039,-0.351,-0.2977,-0.291,-0.3484,-0.2977,-0.3292,-0.3885,-0.4233,-0.373,-0.4384,-0.4233,-0.4228,-0.4844,-0.4233,-0.4555,-0.5362,-0.4233,-0.5106,-0.5959,-0.6147,-0.5516,-0.6312,-0.6147,-0.5957,-0.6686,-0.6147
2025-06-29,-0.6374,-0.7244,-0.6147,-0.6757,-0.7468,-0.7821,-0.7038,-0.7937,-0.7821,-0.7233,-0.828,-0.7821,-0.7558,-0.8678,-0.7821,-0.7856,-0.8918,-0.8958,-0.8202,-0.9215,-0.8958,-0.8511,-0.9378,-0.8958,-0.8528,-0.9566,-0.8958,-0.8769,-0.9573,-0.9346,-0.8973,-0.9683,-0.9346,-0.8792,-0.9849,-0.9346,-0.9037,-0.9852,-0.9346,-0.9128,-0.9807,-0.9765,-0.9381,-0.9985,-0.9765,-0.9319,-0.9988,-0.9765,-0.9494,-1.0006,-0.9765,-0.9306,-1.0015,-0.9914,-0.9288,-0.9835,-0.9914,-0.9382,-0.9737,-0.9914,-0.9173,-0.9745,-0.9914,-0.8825,-0.9364,-0.9645,-0.8903,-0.9322,-0.9645,-0.9243,-0.9312,-0.9645,-0.9012,-0.9409,-0.9645,-0.8874,-0.9155,-0.9974,-0.9277,-0.9188,-0.9974,-0.9735,-0.9365,-0.9974,-1.0575,-0.9475,-0.9974,-1.0784,-0.9594,-1.12,-1.1473,-0.9752,-1.12,-1.2404,-0.978,-1.12,-1.2869,-1.0189,-1.12,-1.3683,-1.0295,-1.3323,-1.4561,-1.0568,-1.3323,-1.5831,-1.0829,-1.3323,-1.6514,-1.1594,-1.3323,-1.7573,-1.1901,-1.6553,-1.8463,-1.2726,-1.6553,-1.9641,-1.3691,-1.6553,-2.0308,-1.4716,-1.6553,-2.138,-1.4816,-2.026,-2.2199,-1.5296,-2.026,-2.2829,-1.639,-2.026,-2.3859,-1.7202,-2.026,-2.4399,-1.7507,-2.331,-2.4952,-1.7964,-2.331,-2.5063,-1.7963,-2.331,-2.5644,-1.7381,-2.331,-2.6119,-1.8446,-2.5374,-2.6741,-1.8884,-2.5374,-2.729,-1.9739,-2.5374,-2.7646,-2.0183,-2.5374,-2.8191,-2.0261,-2.7048,-2.8572,-2.0733,-2.7048,-2.8538,-2.0417,-2.7048,-2.8619,-2.079,-2.7048,-2.8961,-2.1125,-2.6928,-2.8862,-2.1064,-2.6928,-2.8955,-2.1227,-2.6928,-2.8754,-2.1398,-2.6928,-2.8158,-2.1186,-2.5194,-2.7748,-2.0479,-2.5194,-2.7147,-1.9693,-2.5194,-2.6223,-1.8444,-2.5194,-2.5595,-1.8322,-2.1008,-2.4498,-1.8041,-2.1008,-2.3177,-1.7085,-2.1008,-2.1787,-1.6416,-2.1008,-2.0904,-1.5119,-1.4998,-1.8676,-1.3958,-1.4998,-1.8125,-1.2153,-1.4998,-1.458,-1.1093,-1.4998,-1.581,-0.9231,-0.8569,-1.5361,-0.8299,-0.8569,-1.2282,-0.7158,-0.8569,-1.0398,-0.6038,-0.8569,-1.0612,-0.5523,-0.4263,-1.0318,-0.4787,-0.4263,-0.8616,-0.4059,-0.4263,-0.7006,-0.3767,-0.4263,-0.5938,-0.3782,-0.2648,-0.4994,-0.3101,-0.2648,-0.3988,-0.2985,-0.2648,-0.3861,-0.3336,-0.2648,-0.3656,-0.3449,-0.2888,-0.3382,-0.3964,-0.2888,-0.3664,-0.3679,-0.2888,-0.3698,-0.3697,-0.2888,-0.4155,-0.4423,-0.4293,-0.4215,-0.4879,-0.4293,-0.4836,-0.5399,-0.4293,-0.5161,-0.5891,-0.4293,-0.5798,-0.6575,-0.6326,-0.6383,-0.697,-0.6326,-0.6708,-0.7416,-0.6326
2025-06-30,-0.7106,-0.7543,-0.6326,-0.7256,-0.7792,-0.7074,-0.769,-0.822,-0.7074,-0.8036,-0.8589,-0.7074,-0.8417,-0.894,-0.7074,-0.839,-0.9116,-0.821,-0.8618,-0.9327,-0.821,-0.8775,-0.9522,-0.821,-0.9166,-0.9642,-0.821,-0.9069,-0.9621,-0.8479,-0.9254,-0.9712,-0.8479,-0.9117,-0.9931,-0.8479,-0.9057,-0.9904,-0.8479,-0.9142,-0.9847,-0.8659,-0.9053,-0.9914,-0.8659,-0.9485,-0.9926,-0.8659,-0.9869,-0.9934,-0.8659,-0.9892,-0.9803,-0.8808,-0.9766,-0.9833,-0.8808,-0.9565,-0.9649,-0.8808,-0.9532,-0.9546,-0.8808,-0.8831,-0.8896,-0.8061,-0.8723,-0.87,-0.8061,-0.8177,-0.8429,-0.8061,-0.7918,-0.8331,-0.8061,-0.6975,-0.7337,-0.6207,-0.6431,-0.7093,-0.6207,-0.562,-0.679,-0.6207,-0.5281,-0.6571,-0.6207,-0.4794,-0.5966,-0.4682,-0.4463,-0.5702,-0.4682,-0.409,-0.5939,-0.4682,-0.4843,-0.5654,-0.4682,-0.5605,-0.5572,-0.5459,-0.6164,-0.6085,-0.5459,-0.7763,-0.6286,-0.5459,-0.9255,-0.643,-0.5459,-0.8652,-0.6989,-0.839,-1.0325,-0.8409,-0.839,-1.0711,-0.9425,-0.839,-0.8305,-0.9842,-0.839,-1.1167,-1.0849,-1.2935,-1.7582,-1.0962,-1.2935,-1.5139,-1.1664,-1.2935,-1.7193,-1.1035,-1.2935,-1.8447,-1.189,-1.6792,-1.905,-1.1712,-1.6792,-1.9036,-1.1364,-1.6792,-1.958,-1.2035,-1.6792,-2.0889,-1.2631,-2.0829,-2.1921,-1.3643,-2.0829,-2.2287,-1.3414,-2.0829,-2.2755,-1.3486,-2.0829,-2.2671,-1.2393,-2.2144,-2.2335,-1.3694,-2.2144,-2.2611,-1.5467,-2.2144,-2.3233,-1.498,-2.2144,-2.3015,-1.4516,-2.0858,-1.9115,-1.4038,-2.0858,-1.1936,-1.2852,-2.0858,-0.7075,-1.1362,-2.0858,-0.4084,-0.9722,-1.73,-0.3698,-0.8007,-1.73,-0.413,-0.7125,-1.73,-0.9478,-0.7991,-1.73,-1.5111,-0.7099,-1.1649,-1.5526,-0.5684,-1.1649,-0.9346,-0.4043,-1.1649,-0.1122,-0.4021,-1.1649,0.0542,-0.4953,-0.7014,0.0434,-0.5148,-0.7014,-0.0831,-0.466,-0.7014,-0.4086,-0.3551,-0.7014,-0.9064,-0.3094,-0.2738,-0.8587,-0.2221,-0.2738,-0.2557,-0.1979,-0.2738,0.007,-0.151,-0.2738,0.0685,-0.1634,-0.0226,0.0803,-0.1549,-0.0226,-0.0107,-0.1877,-0.0226,-0.0383,-0.1885,-0.0226,-0.0787,-0.1934,0.0402,-0.1072,-0.2034,0.0402,-0.2273,-0.1991,0.0402,-0.2923,-0.2474,0.0402,-0.3725,-0.283,-0.0615,-0.3803,-0.2872,-0.0615,-0.3974,-0.3015,-0.0615,-0.4076,-0.3318,-0.0615,-0.4596,-0.381,-0.2409,-0.5073,-0.449,-0.2409,-0.5645,-0.4804,-0.2409,-0.6042,-0.5432,-0.2409,-0.6502,-0.6194,-0.4771,-0.715,-0.6584,-0.4771,-0.7472,-0.7127,-0.4771
2025-07-01,-0.7716,-0.7268,-0.4771,-0.7886,-0.7661,-0.6207,-0.8446,-0.7968,-0.6207,-0.866,-0.8404,-0.6207,-0.886,-0.8689,-0.6207,-0.9064,-0.8904,-0.7104,-0.9122,-0.9126,-0.7104,-0.9381,-0.9296,-0.7104,-0.9441,-0.9408,-0.7104,-0.9545,-0.9468,-0.7403,-0.9645,-0.9469,-0.7403,-1.0068,-0.9704,-0.7403,-0.9946,-0.9682,-0.7403,-1.0119,-0.9672,-0.7702,-1.0089,-0.9717,-0.7702,-1.0014,-0.9736,-0.7702,-1.011,-0.98,-0.7702,-1.0069,-0.9734,-0.7702,-0.9525,-0.9684,-0.7702,-0.9554,-0.9584,-0.7702,-0.9294,-0.9492,-0.7702,-0.8825,-0.8892,-0.7104,-0.8555,-0.8754,-0.7104,-0.8269,-0.8527,-0.7104,-0.7742,-0.8234,-0.7104,-0.6942,-0.734,-0.5609,-0.6835,-0.7432,-0.5609,-0.6897,-0.7178,-0.5609,-0.7056,-0.7298,-0.5609,-0.6569,-0.6719,-0.4712,-0.7225,-0.6814,-0.4712,-0.7213,-0.6881,-0.4712,-0.7207,-0.6629,-0.4712,-0.7972,-0.675,-0.6207,-0.8727,-0.7248,-0.6207,-0.9806,-0.7729,-0.6207,-1.0812,-0.7704,-0.6207,-1.2227,-0.8677,-0.9496,-1.3433,-0.9713,-0.9496,-1.4468,-0.989,-0.9496,-1.5669,-1.1151,-0.9496,-1.6902,-1.081,-1.3682,-1.7978,-1.1756,-1.3682,-1.8849,-1.2666,-1.3682,-1.9497,-1.2897,-1.3682,-2.0132,-1.345,-1.727,-2.0708,-1.4003,-1.727,-2.0795,-1.3661,-1.727,-2.1362,-1.4422,-1.727,-2.2444,-1.5254,-2.0858,-2.3575,-1.6693,-2.0858,-2.4232,-1.6939,-2.0858,-2.4377,-1.7848,-2.0858,-2.4457,-1.7614,-2.1456,-2.3818,-1.7264,-2.1456,-2.3877,-1.6827,-2.1456,-2.3946,-1.6221,-2.1456,-2.3982,-1.6559,-2.1157,-2.4107,-1.655,-2.1157,-2.4142,-1.6717,-2.1157,-2.3967,-1.6229,-2.1157,-2.3516,-1.6362,-1.9064,-2.2963,-1.6051,-1.9064,-2.0215,-1.5615,-1.9064,-1.7731,-1.4222,-1.9064,-1.796,-1.3536,-1.4878,-1.7302,-1.3398,-1.4878,-1.2783,-1.2553,-1.4878,-0.8734,-1.2223,-1.4878,-1.2832,-1.1711,-1.0393,-1.2208,-1.0605,-1.0393,-1.0928,-0.9683,-1.0393,-0.971,-0.8521,-1.0393,-0.9732,-0.776,-0.4712,-0.8443,-0.6262,-0.4712,-0.4717,-0.5335,-0.4712,-0.2674,-0.4778,-0.4712,-0.2911,-0.4142,-0.1123,-0.2262,-0.3029,-0.1123,-0.1677,-0.28,-0.1123,-0.1726,-0.2118,-0.1123,-0.1545,-0.2232,0.0073,-0.1899,-0.2174,0.0073,-0.2471,-0.2104,0.0073,-0.2941,-0.2198,0.0073,-0.3133,-0.2776,-0.0824,-0.3023,-0.2973,-0.0824,-0.2574,-0.2918,-0.0824,-0.3005,-0.2984,-0.0824,-0.3254,-0.3636,-0.232,-0.3957,-0.4057,-0.232,-0.4484,-0.4654,-0.232,-0.5254,-0.5268,-0.232,-0.5841,-0.597,-0.4413,-0.6418,-0.6445,-0.4413,-0.7137,-0.692,-0.4413
2025-07-02,-0.7448,-0.7616,-0.4413,-0.7905,-0.768,-0.6506,-0.8341,-0.8148,-0.6506,-0.8467,-0.8491,-0.6506,-0.8672,-0.8798,-0.6506,-0.905,-0.9121,-0.7403,-0.9055,-0.9226,-0.7403,-0.9311,-0.9514,-0.7403,-0.9216,-0.9683,-0.7403,-0.9379,-0.9673,-0.8599,-0.9486,-0.9713,-0.8599,-0.9584,-0.9805,-0.8599,-0.931,-0.9801,-0.8599,-0.9716,-0.9789,-0.8599,-0.9485,-0.9884,-0.8599,-0.9718,-0.9851,-0.8599,-0.9776,-0.9946,-0.8599,-0.9581,-0.9869,-0.8599,-0.9355,-0.9795,-0.8599,-0.9296,-0.9641,-0.8599,-0.9161,-0.9455,-0.8599,-0.8655,-0.8979,-0.7702,-0.8333,-0.885,-0.7702,-0.8093,-0.8477,-0.7702,-0.7648,-0.8171,-0.7702,-0.6601,-0.7287,-0.6207,-0.6765,-0.7239,-0.6207,-0.6829,-0.6995,-0.6207,-0.6917,-0.6809,-0.6207,-0.6183,-0.6211,-0.5011,-0.6081,-0.623,-0.5011,-0.6621,-0.6187,-0.5011,-0.6969,-0.6114,-0.5011,-0.759,-0.619,-0.6506,-0.7882,-0.6497,-0.6506,-0.9453,-0.7186,-0.6506,-0.8855,-0.7623,-0.6506,-0.9077,-0.7945,-0.9795,-1.0159,-0.8741,-0.9795,-1.0802,-0.9391,-0.9795,-1.162,-1.0426,-0.9795,-1.0043,-1.0683,-1.3383,-0.8777,-1.0926,-1.3383,-0.8121,-1.1735,-1.3383,-0.8758,-1.12,-1.3383,-0.9276,-1.244,-1.6672,-1.0504,-1.3148,-1.6672,-1.0254,-1.1639,-1.6672,-1.1865,-1.332,-1.6672,-1.3478,-1.4338,-1.9662,-1.3178,-1.5829,-1.9662,-1.2922,-1.6695,-1.9662,-1.1086,-1.7048,-1.9662,-0.9308,-1.6814,-2.0559,-0.9216,-1.6776,-2.0559,-1.0391,-1.6701,-2.0559,-1.2022,-1.7197,-2.0559,-1.2712,-1.6561,-1.9064,-1.4342,-1.6823,-1.9064,-1.7332,-1.6328,-1.9064,-1.8988,-1.5982,-1.9064,-1.8148,-1.6289,-1.5177,-1.7327,-1.5972,-1.5177,-1.7219,-1.4296,-1.5177,-2.0085,-1.3227,-1.5177,-2.0917,-1.3203,-0.9496,-2.0144,-1.3234,-0.9496,-1.9137,-1.1946,-0.9496,-1.7537,-1.114,-0.9496,-1.5152,-1.036,-0.6207,-1.2818,-0.9772,-0.6207,-0.826,-0.8297,-0.6207,-0.4715,-0.6222,-0.6207,-0.3692,-0.5686,-0.3217,-0.1619,-0.4106,-0.3217,-0.096,-0.4434,-0.3217,-0.062,-0.3573,-0.3217,-0.0158,-0.342,-0.1422,-0.0141,-0.2827,-0.1422,-0.0662,-0.2297,-0.1422,-0.245,-0.2103,-0.1422,-0.2991,-0.1966,-0.0525,-0.2351,-0.1881,-0.0525,-0.2193,-0.2045,-0.0525,-0.2188,-0.2251,-0.0525,-0.1695,-0.274,-0.1422,-0.1937,-0.2802,-0.1422,-0.1998,-0.3002,-0.1422,-0.237,-0.2995,-0.1422,-0.3263,-0.3712,-0.3217,-0.39,-0.3997,-0.3217,-0.4284,-0.4617,-0.3217,-0.475,-0.4981,-0.3217,-0.5517,-0.586,-0.531,-0.6006,-0.6287,-0.531,-0.6428,-0.6712,-0.531
2025-07-03,-0.6711,-0.719,-0.531,-0.7001,-0.7445,-0.6894,-0.7588,-0.7952,-0.6894,-0.7736,-0.8294,-0.6894,-0.8143,-0.8588,-0.6894,-0.839,-0.8821,-0.7762,-0.8332,-0.9077,-0.7762,-0.868,-0.9083,-0.7762,-0.8709,-0.9396,-0.7762,-0.8865,-0.9461,-0.8718,-0.8692,-0.9532,-0.8718,-0.8863,-0.973,-0.8718,-0.9098,-0.9612,-0.8718,-0.8953,-0.9605,-0.8898,-0.9123,-0.9684,-0.8898,-0.9049,-0.9777,-0.8898,-0.9084,-0.9848,-0.8898,-0.9238,-0.9659,-0.8868,-0.8944,-0.968,-0.8868,-0.8804,-0.9506,-0.8868,-0.8624,-0.931,-0.8868,-0.8185,-0.8891,-0.7911,-0.7873,-0.8527,-0.7911,-0.7934,-0.8038,-0.7911,-0.7176,-0.755,-0.7911,-0.6645,-0.6625,-0.6296,-0.6458,-0.6241,-0.6296,-0.6367,-0.5948,-0.6296,-0.6687,-0.5851,-0.6296,-0.6098,-0.4605,-0.5399,-0.6392,-0.435,-0.5399,-0.7014,-0.3939,-0.5399,-0.792,-0.3959,-0.5399,-0.7334,-0.4126,-0.6775,-0.641,-0.4604,-0.6775,-0.4574,-0.4907,-0.6775,-0.3073,-0.5353,-0.6775,-0.3672,-0.6695,-0.9974,-0.423,-0.7651,-0.9974,-0.3478,-0.718,-0.9974,-0.2991,-0.7281,-0.9974,-0.3172,-0.6469,-1.3891,-0.4163,-0.735,-1.3891,-0.5046,-0.8753,-1.3891,-0.6098,-0.8754,-1.3891,-0.7437,-1.0669,-1.733,-0.913,-1.1447,-1.733,-1.2427,-1.2166,-1.733,-1.6351,-1.0638,-1.733,-1.8894,-1.2072,-2.05,-2.0564,-1.538,-2.05,-2.1971,-1.5437,-2.05,-2.1658,-1.4951,-2.05,-2.1044,-1.4103,-2.1666,-1.9329,-1.5927,-2.1666,-2.0872,-1.6741,-2.1666,-2.3279,-1.6645,-2.1666,-2.2033,-1.65,-2.1845,-1.6108,-1.6316,-2.1845,-1.1999,-1.5703,-2.1845,-1.2029,-1.573,-2.1845,-1.6628,-1.5072,-1.9304,-1.9813,-1.4035,-1.9304,-2.0181,-1.3543,-1.9304,-1.4951,-1.2704,-1.9304,-0.7687,-1.2162,-1.5476,-0.5932,-1.2658,-1.5476,-0.8016,-1.2091,-1.5476,-1.1986,-1.1246,-1.5476,-1.5154,-1.0435,-1.1499,-1.6219,-0.9863,-1.1499,-1.5574,-0.906,-1.1499,-1.2519,-0.7153,-1.1499,-1.0971,-0.5952,-0.6177,-0.9316,-0.5201,-0.6177,-0.8529,-0.4538,-0.6177,-0.6469,-0.3763,-0.6177,-0.4957,-0.3224,-0.226,-0.4261,-0.2322,-0.226,-0.2639,-0.1831,-0.226,-0.2063,-0.1851,-0.226,-0.1862,-0.1776,-0.0974,-0.1918,-0.1652,-0.0974,-0.2197,-0.1622,-0.0974,-0.1916,-0.1975,-0.0974,-0.2185,-0.1991,-0.1542,-0.2027,-0.2194,-0.1542,-0.2295,-0.2612,-0.1542,-0.247,-0.2792,-0.1542,-0.2925,-0.3251,-0.3306,-0.3503,-0.3869,-0.3306,-0.4019,-0.4333,-0.3306,-0.4419,-0.4882,-0.3306,-0.5141,-0.5637,-0.5519,-0.577,-0.6147,-0.5519,-0.6248,-0.6489,-0.5519
2025-07-04,-0.6681,-0.6918,-0.5519,-0.6936,-0.7128,-0.6865,-0.7278,-0.7596,-0.6865,-0.76,-0.7929,-0.6865,-0.7698,-0.8289,-0.6865,-0.7971,-0.8363,-0.7851,-0.8453,-0.8558,-0.7851,-0.8556,-0.8795,-0.7851,-0.8828,-0.9089,-0.7851,-0.8749,-0.9229,-0.8958,-0.9092,-0.9209,-0.8958,-0.8897,-0.944,-0.8958,-0.9094,-0.9347,-0.8958,-0.9133,-0.9249,-0.9167,-0.9206,-0.9276,-0.9167,-0.917,-0.9527,-0.9167,-0.9116,-0.9396,-0.9167,-0.9322,-0.937,-0.9137,-0.926,-0.9391,-0.9137,-0.9121,-0.9157,-0.9137,-0.8992,-0.9047,-0.9137,-0.8274,-0.8532,-0.8001,-0.8003,-0.8524,-0.8001,-0.7287,-0.813,-0.8001,-0.7303,-0.7595,-0.8001,-0.6427,-0.673,-0.6117,-0.6468,-0.6298,-0.6117,-0.5978,-0.5972,-0.6117,-0.5693,-0.5833,-0.6117,-0.5379,-0.4632,-0.4801,-0.5513,-0.4246,-0.4801,-0.5649,-0.4077,-0.4801,-0.5914,-0.3771,-0.4801,-0.6274,-0.4193,-0.6237,-0.7338,-0.5445,-0.6237,-0.6405,-0.6572,-0.6237,-0.6446,-0.6828,-0.6237,-0.8609,-0.6839,-1.0004,-1.0352,-0.7544,-1.0004,-1.0078,-0.8006,-1.0004,-0.9995,-0.9585,-1.0004,-1.3537,-0.9751,-1.4519,-1.5307,-1.0757,-1.4519,-1.6401,-1.121,-1.4519,-1.7105,-1.2595,-1.4519,-1.7974,-1.3341,-1.7509,-1.8489,-1.4077,-1.7509,-1.8545,-1.3203,-1.7509,-1.9548,-1.3969,-1.7509,-2.103,-1.5483,-2.047,-2.2507,-1.7116,-2.047,-2.3264,-1.6665,-2.047,-2.3555,-1.7453,-2.047,-2.361,-1.7966,-2.2324,-2.3552,-1.8021,-2.2324,-2.3489,-1.7709,-2.2324,-2.383,-1.7683,-2.2324,-2.4208,-1.8136,-2.2952,-2.4391,-1.7573,-2.2952,-2.4007,-1.8516,-2.2952,-2.4156,-1.842,-2.2952,-2.4142,-1.7538,-2.1038,-2.3497,-1.6984,-2.1038,-2.2813,-1.6653,-2.1038,-2.2047,-1.558,-2.1038,-2.156,-1.5408,-1.7928,-2.0929,-1.4687,-1.7928,-1.9804,-1.408,-1.7928,-1.852,-1.3837,-1.7928,-1.7611,-1.2944,-1.2994,-1.6594,-1.2123,-1.2994,-1.5112,-1.0456,-1.2994,-1.3595,-0.8472,-1.2994,-1.168,-0.7648,-0.7164,-1.0093,-0.5999,-0.7164,-0.8616,-0.5603,-0.7164,-0.7053,-0.428,-0.7164,-0.5734,-0.3559,-0.2648,-0.4144,-0.2703,-0.2648,-0.2974,-0.1735,-0.2648,-0.1979,-0.1379,-0.2648,-0.1851,-0.1375,-0.1004,-0.1422,-0.1329,-0.1004,-0.1435,-0.1363,-0.1004,-0.1512,-0.1784,-0.1004,-0.1923,-0.2232,-0.1542,-0.2259,-0.2271,-0.1542,-0.2555,-0.2667,-0.1542,-0.2567,-0.2605,-0.1542,-0.3136,-0.3253,-0.3276,-0.3403,-0.3874,-0.3276,-0.3866,-0.4151,-0.3276,-0.4492,-0.4749,-0.3276,-0.5284,-0.5363,-0.5459,-0.5761,-0.5819,-0.5459,-0.6015,-0.615,-0.5459
2025-07-05,-0.6198,-0.6324,-0.5459,-0.6473,-0.6582,-0.6894,-0.6698,-0.703,-0.6894,-0.7522,-0.7354,-0.6894,-0.7786,-0.7857,-0.6894,-0.765,-0.7925,-0.818,-0.8259,-0.8281,-0.818,-0.8462,-0.8638,-0.818,-0.8756,-0.8958,-0.818,-0.9069,-0.9215,-0.9107,-0.9085,-0.9237,-0.9107,-0.9399,-0.9392,-0.9107,-0.8904,-0.9347,-0.9107,-0.9415,-0.9381,-0.9526,-0.9456,-0.9472,-0.9526,-0.9576,-0.9533,-0.9526,-0.9499,-0.9546,-0.9526,-0.9672,-0.9409,-0.9556,-0.9925,-0.9354,-0.9556,-0.9652,-0.9262,-0.9556,-0.9677,-0.9118,-0.9556,-0.9366,-0.8827,-0.9047,-0.9003,-0.8788,-0.9047,-0.9087,-0.8653,-0.9047,-0.8943,-0.8604,-0.9047,-0.8629,-0.8152,-0.8868,-0.8632,-0.827,-0.8868,-0.8948,-0.8256,-0.8868,-0.8884,-0.848,-0.8868,-0.9024,-0.851,-0.9346,-0.9632,-0.8435,-0.9346,-1.0697,-0.8501,-0.9346,-1.0582,-0.8582,-0.9346,-1.1202,-0.8108,-1.1021,-1.1694,-0.8779,-1.1021,-1.2463,-0.8784,-1.1021,-1.3041,-0.981,-1.1021,-1.3232,-0.9892,-1.4609,-1.4733,-1.0829,-1.4609,-1.5762,-1.184,-1.4609,-1.697,-1.2465,-1.4609,-1.7821,-1.2866,-1.8855,-1.8879,-1.3655,-1.8855,-1.9781,-1.4567,-1.8855,-2.0825,-1.4928,-1.8855,-2.1392,-1.5738,-2.1726,-2.2341,-1.605,-2.1726,-2.265,-1.5688,-2.1726,-2.3029,-1.5858,-2.1726,-2.3711,-1.6624,-2.4805,-2.4484,-1.7963,-2.4805,-2.4983,-1.8401,-2.4805,-2.5845,-1.9144,-2.4805,-2.5349,-1.9366,-2.6689,-2.5688,-1.9728,-2.6689,-2.5934,-1.8673,-2.6689,-2.6395,-1.9525,-2.6689,-2.6478,-1.9869,-2.6241,-2.6684,-1.948,-2.6241,-2.6278,-1.9753,-2.6241,-2.6116,-2.0354,-2.6241,-2.5359,-2.0094,-2.5493,-2.5211,-1.971,-2.5493,-2.4375,-1.9122,-2.5493,-2.4143,-1.7762,-2.5493,-2.3567,-1.7152,-2.1935,-2.2481,-1.7155,-2.1935,-2.1936,-1.62,-2.1935,-2.0279,-1.5592,-2.1935,-1.9405,-1.4781,-1.6762,-1.8361,-1.3807,-1.6762,-1.6569,-1.2408,-1.6762,-1.488,-1.071,-1.6762,-1.319,-0.995,-0.9944,-1.1611,-0.8756,-0.9944,-1.0535,-0.7454,-0.9944,-0.8536,-0.5999,-0.9944,-0.7466,-0.525,-0.4801,-0.6342,-0.4517,-0.4801,-0.4623,-0.3632,-0.4801,-0.3735,-0.3317,-0.4801,-0.3245,-0.3057,-0.2529,-0.2513,-0.2653,-0.2529,-0.2535,-0.2647,-0.2529,-0.2279,-0.2896,-0.2529,-0.2587,-0.3014,-0.2768,-0.2349,-0.3212,-0.2768,-0.2378,-0.3271,-0.2768,-0.2552,-0.3239,-0.2768,-0.2829,-0.372,-0.4144,-0.3184,-0.4224,-0.4144,-0.3376,-0.4573,-0.4144,-0.3966,-0.5103,-0.4144,-0.4751,-0.5643,-0.6117,-0.5174,-0.6063,-0.6117,-0.572,-0.6408,-0.6117
2025-07-06,-0.5927,-0.688,-0.6117,-0.6045,-0.7068,-0.7762,-0.6663,-0.7647,-0.7762,-0.7028,-0.7796,-0.7762,-0.6989,-0.8257,-0.7762,-0.7682,-0.8516,-0.8898,-0.774,-0.8708,-0.8898,-0.794,-0.8973,-0.8898,-0.8051,-0.9209,-0.8898,-0.8213,-0.9325,-0.9675,-0.8426,-0.934,-0.9675,-0.8491,-0.9417,-0.9675,-0.8677,-0.9489,-0.9675,-0.853,-0.9484,-1.0004,-0.8877,-0.961,-1.0004,-0.8803,-0.9731,-1.0004,-0.907,-0.9738,-1.0004,-0.9096,-0.969,-1.0034,-0.9114,-0.9583,-1.0034,-0.9027,-0.9468,-1.0034,-0.8997,-0.9458,-1.0034,-0.8829,-0.9276,-0.9675,-0.8703,-0.9249,-0.9675,-0.8506,-0.9207,-0.9675,-0.8827,-0.9157,-0.9675,-0.8879,-0.9065,-1.0363,-0.9088,-0.9243,-1.0363,-0.996,-0.9393,-1.0363,-1.0421,-0.9721,-1.0363,-1.0476,-0.9836,-1.2187,-1.1019,-1.0094,-1.2187,-1.0984,-1.0132,-1.2187,-1.0854,-1.0453,-1.2187,-1.1607,-1.0791,-1.425,-1.3477,-1.0883,-1.425,-1.459,-1.1475,-1.425,-1.5884,-1.2118,-1.425,-1.7349,-1.2162,-1.7061,-1.9241,-1.2661,-1.7061,-2.0741,-1.3194,-1.7061,-2.2795,-1.4267,-1.7061,-2.1568,-1.4318,-1.8526,-1.9806,-1.4397,-1.8526,-1.7108,-1.4215,-1.8526,-1.6207,-1.4644,-1.8526,-1.7145,-1.5509,-1.8795,-1.6298,-1.5217,-1.8795,-1.3162,-1.4998,-1.8795,-1.2123,-1.4361,-1.8795,-1.2207,-1.4618,-1.7958,-1.2713,-1.3996,-1.7958,-1.2782,-1.4721,-1.7958,-1.5016,-1.4626,-1.7958,-1.6019,-1.4766,-1.8556,-1.2312,-1.5233,-1.8556,-1.0705,-1.3397,-1.8556,-1.1016,-1.2881,-1.8556,-1.0385,-1.4377,-1.8975,-1.269,-1.4913,-1.8975,-1.1472,-1.4839,-1.8975,-1.2246,-1.3385,-1.8975,-1.1778,-1.3407,-1.8137,-0.9225,-1.2137,-1.8137,-0.8699,-1.11,-1.8137,-0.9019,-1.1353,-1.8137,-1.2705,-1.1395,-1.3921,-1.4326,-1.0402,-1.3921,-1.7429,-0.9008,-1.3921,-1.7384,-0.803,-1.3921,-1.4703,-0.8316,-0.9197,-1.4452,-0.8597,-0.9197,-1.3882,-0.6518,-0.9197,-1.0601,-0.6897,-0.9197,-0.5803,-0.6034,-0.5639,-0.4935,-0.5974,-0.5639,-0.355,-0.5047,-0.5639,-0.1792,-0.4452,-0.5639,-0.1177,-0.3937,-0.3904,-0.0984,-0.4001,-0.3904,-0.1513,-0.4168,-0.3904,-0.1585,-0.4125,-0.3904,-0.1812,-0.4036,-0.3187,-0.1968,-0.3363,-0.3187,-0.2208,-0.3274,-0.3187,-0.2329,-0.353,-0.3187,-0.2597,-0.3797,-0.3635,-0.291,-0.4188,-0.3635,-0.3569,-0.402,-0.3635,-0.3821,-0.4131,-0.3635,-0.4557,-0.4856,-0.519,-0.459,-0.5316,-0.519,-0.5252,-0.5826,-0.519,-0.5649,-0.6145,-0.519,-0.6044,-0.6824,-0.7134,-0.6797,-0.719,-0.7134,-0.6718,-0.7682,-0.7134
2025-07-07,-0.7059,-0.7574,-0.7134,-0.7329,-0.7747,-0.8449,-0.7701,-0.81,-0.8449,-0.786,-0.8443,-0.8449,-0.8211,-0.8749,-0.8449,-0.8527,-0.8916,-0.9287,-0.8538,-0.9107,-0.9287,-0.8767,-0.9329,-0.9287,-0.8905,-0.9488,-0.9287,-0.9023,-0.9637,-0.9855,-0.8994,-0.9659,-0.9855,-0.897,-0.9604,-0.9855,-0.901,-0.9752,-0.9855,-0.9129,-0.9744,-1.0124,-0.9073,-0.9759,-1.0124,-0.9115,-0.9884,-1.0124,-0.9079,-0.9781,-1.0124,-0.8885,-0.9743,-0.9885,-0.8835,-0.968,-0.9885,-0.8785,-0.9557,-0.9885,-0.8461,-0.9327,-0.9885,-0.796,-0.8762,-0.8539,-0.777,-0.8564,-0.8539,-0.726,-0.8203,-0.8539,-0.6942,-0.7767,-0.8539,-0.6062,-0.6981,-0.6326,-0.6297,-0.6487,-0.6326,-0.6226,-0.624,-0.6326,-0.5803,-0.5996,-0.6326,-0.5351,-0.5041,-0.51,-0.5701,-0.4944,-0.51,-0.5908,-0.4459,-0.51,-0.6999,-0.4329,-0.51,-0.8353,-0.4735,-0.6595,-0.9232,-0.571,-0.6595,-1.0331,-0.7166,-0.6595,-1.026,-0.8055,-0.6595,-0.9027,-0.9084,-1.0423,-0.9005,-0.9,-1.0423,-1.0865,-0.8674,-1.0423,-1.4429,-0.9574,-1.0423,-1.5788,-0.994,-1.5656,-1.6381,-1.2291,-1.5656,-1.8225,-1.2898,-1.5656,-2.0077,-1.3483,-1.5656,-2.0437,-1.3702,-1.9573,-2.0625,-1.4202,-1.9573,-2.0734,-1.3868,-1.9573,-2.1507,-1.5822,-1.9573,-2.2328,-1.7005,-2.346,-2.3154,-1.7111,-2.346,-2.4449,-1.7651,-2.346,-2.5239,-1.7391,-2.346,-2.2779,-1.7766,-2.3789,-2.315,-1.7894,-2.3789,-2.4954,-1.7703,-2.3789,-2.4187,-1.7681,-2.3789,-2.3828,-1.8016,-2.2892,-2.3184,-1.677,-2.2892,-2.2583,-1.7453,-2.2892,-2.0793,-1.7021,-2.2892,-2.0816,-1.6929,-1.9573,-2.1286,-1.7184,-1.9573,-2.0968,-1.617,-1.9573,-2.1165,-1.5349,-1.9573,-2.1836,-1.4017,-1.5147,-1.986,-1.3441,-1.5147,-1.62,-1.2499,-1.5147,-0.9705,-1.2347,-1.5147,-0.3769,-1.2146,-1.0991,-0.1528,-1.0481,-1.0991,-0.0868,-0.9813,-1.0991,0.0536,-0.9299,-1.0991,-0.0726,-0.7097,-0.6147,0.0146,-0.6013,-0.6147,0.1136,-0.4822,-0.6147,-0.0315,-0.415,-0.6147,-0.1652,-0.332,-0.2858,-0.2879,-0.2713,-0.2858,-0.2912,-0.2039,-0.2858,-0.2122,-0.2132,-0.2858,-0.2063,-0.1706,-0.1841,-0.1999,-0.1639,-0.1841,-0.1802,-0.1546,-0.1841,-0.1513,-0.1703,-0.1841,-0.1588,-0.23,-0.2708,-0.154,-0.267,-0.2708,-0.2028,-0.2694,-0.2708,-0.2391,-0.2873,-0.2708,-0.3058,-0.3574,-0.4592,-0.3676,-0.4478,-0.4592,-0.4092,-0.4954,-0.4592,-0.4724,-0.5479,-0.4592,-0.571,-0.6075,-0.6894,-0.5955,-0.6471,-0.6894,-0.6307,-0.6995,-0.6894
2025-07-08,-0.6826,-0.7535,-0.6894,-0.6879,-0.7651,-0.8808,-0.7169,-0.8183,-0.8808,-0.7529,-0.8513,-0.8808,-0.7581,-0.8784,-0.8808,-0.7898,-0.9152,-0.9645,-0.7869,-0.927,-0.9645,-0.8189,-0.9328,-0.9645,-0.8297,-0.9628,-0.9645,-0.8368,-0.9485,-0.9974,-0.8194,-0.9658,-0.9974,-0.8546,-0.9815,-0.9974,-0.8615,-0.9663,-0.9974,-0.8297,-0.962,-1.0064,-0.8746,-0.9742,-1.0064,-0.8461,-0.9502,-1.0064,-0.8493,-0.9424,-1.0064,-0.8382,-0.9374,-0.9765,-0.8245,-0.9319,-0.9765,-0.8047,-0.9344,-0.9765,-0.7936,-0.9067,-0.9765,-0.754,-0.8669,-0.833,-0.7117,-0.845,-0.833,-0.6605,-0.8105,-0.833,-0.6081,-0.7626,-0.833,-0.5824,-0.6977,-0.5549,-0.5525,-0.6397,-0.5549,-0.4963,-0.6127,-0.5549,-0.4734,-0.5862,-0.5549,-0.4812,-0.4914,-0.3037,-0.4322,-0.4663,-0.3037,-0.3866,-0.4834,-0.3037,-0.2781,-0.4464,-0.3037,-0.2821,-0.4871,-0.3874,-0.414,-0.5779,-0.3874,-0.4629,-0.6784,-0.3874,-0.4154,-0.6684,-0.3874,-0.4096,-0.6886,-0.6954,-0.5454,-0.688,-0.6954,-0.5507,-0.6992,-0.6954,-0.4312,-0.8014,-0.6954,-0.6508,-0.8392,-1.1051,-0.9009,-0.9402,-1.1051,-1.2881,-1.0076,-1.1051,-1.2876,-1.1768,-1.1051,-1.4182,-1.083,-1.4549,-1.364,-1.2043,-1.4549,-1.6784,-1.0673,-1.4549,-1.6666,-1.1837,-1.4549,-1.8234,-1.1848,-2.026,-1.933,-1.3888,-2.026,-1.8832,-1.5044,-2.026,-1.7542,-1.4889,-2.026,-2.0708,-1.3888,-2.1995,-2.2688,-1.3621,-2.1995,-1.7896,-1.401,-2.1995,-1.9345,-1.3295,-2.1995,-2.0215,-1.4646,-2.1935,-1.961,-1.5262,-2.1935,-1.9983,-1.5424,-2.1935,-1.8941,-1.5811,-2.1935,-1.9485,-1.5303,-2.0619,-1.6098,-1.6069,-2.0619,-1.0078,-1.4889,-2.0619,-0.6137,-1.3146,-2.0619,-0.4442,-1.2669,-1.6373,-0.2529,-1.1287,-1.6373,-0.331,-1.1105,-1.6373,-0.5267,-1.0724,-1.6373,-0.5126,-1.0403,-1.2366,-0.5357,-0.9941,-1.2366,-0.4999,-0.961,-1.2366,-0.44,-0.9566,-1.2366,-0.7262,-0.82,-0.7433,-0.6528,-0.6924,-0.7433,-0.6429,-0.624,-0.7433,-0.568,-0.4777,-0.7433,-0.3585,-0.3995,-0.3246,-0.2145,-0.3404,-0.3246,-0.1665,-0.2626,-0.3246,-0.1855,-0.229,-0.3246,-0.1352,-0.2038,-0.1991,-0.1863,-0.1768,-0.1991,-0.134,-0.1977,-0.1991,-0.1449,-0.21,-0.1991,-0.1597,-0.2431,-0.2918,-0.1738,-0.2864,-0.2918,-0.2033,-0.2888,-0.2918,-0.2074,-0.3193,-0.2918,-0.2877,-0.3806,-0.4861,-0.3347,-0.4235,-0.4861,-0.383,-0.4756,-0.4861,-0.4289,-0.5253,-0.4861,-0.5032,-0.6069,-0.7014,-0.5529,-0.642,-0.7014,-0.6158,-0.6934,-0.7014
2025-07-09,-0.6412,-0.6546,-0.7014,-0.6654,-0.6613,-0.8599,-0.7134,-0.6981,-0.8599,-0.7373,-0.7402,-0.8599,-0.7427,-0.7704,-0.8599,-0.7629,-0.7857,-0.9406,-0.749,-0.7936,-0.9406,-0.7865,-0.8098,-0.9406,-0.7762,-0.8259,-0.9406,-0.8106,-0.8344,-0.9406,-0.801,-0.8405,-0.9406,-0.8098,-0.863,-0.9406,-0.8087,-0.8456,-0.9406,-0.7915,-0.8458,-0.9227,-0.7973,-0.8381,-0.9227,-0.7806,-0.8348,-0.9227,-0.7873,-0.8283,-0.9227,-0.7546,-0.8048,-0.8778,-0.7649,-0.7807,-0.8778,-0.7263,-0.7661,-0.8778,-0.7027,-0.7401,-0.8778,-0.6539,-0.6913,-0.7313,-0.6234,-0.6829,-0.7313,-0.5677,-0.636,-0.7313,-0.5231,-0.6144,-0.7313,-0.4668,-0.5411,-0.5639,-0.4483,-0.5229,-0.5639,-0.4459,-0.4955,-0.5639,-0.4862,-0.4981,-0.5639,-0.4787,-0.4733,-0.531,-0.5245,-0.5036,-0.531,-0.549,-0.486,-0.531,-0.6279,-0.4641,-0.531,-0.7112,-0.5477,-0.8479,-0.7863,-0.6135,-0.8479,-0.9259,-0.7461,-0.8479,-1.0074,-0.8529,-0.8479,-1.1424,-0.9241,-1.2994,-1.3123,-1.0713,-1.2994,-1.4363,-1.1813,-1.2994,-1.572,-1.2471,-1.2994,-1.6742,-1.334,-1.7599,-1.7962,-1.3165,-1.7599,-1.8981,-1.4844,-1.7599,-1.9774,-1.5796,-1.7599,-2.0604,-1.6564,-2.0709,-2.1306,-1.643,-2.0709,-2.1312,-1.7191,-2.0709,-2.2088,-1.7344,-2.0709,-2.3318,-1.8729,-2.3908,-2.4679,-1.9256,-2.3908,-2.5307,-2.0111,-2.3908,-2.5414,-2.0465,-2.3908,-2.5385,-2.0133,-2.4746,-2.5597,-2.0205,-2.4746,-2.5197,-1.9941,-2.4746,-2.562,-2.0335,-2.4746,-2.5848,-2.0626,-2.4686,-2.608,-2.0789,-2.4686,-2.586,-2.0592,-2.4686,-2.5147,-2.038,-2.4686,-2.5257,-2.002,-2.3938,-2.484,-1.9102,-2.3938,-2.3927,-1.8686,-2.3938,-2.3367,-1.7685,-2.3938,-2.2346,-1.6962,-2.0799,-2.1658,-1.6488,-2.0799,-2.0743,-1.5815,-2.0799,-1.9612,-1.5603,-2.0799,-1.8319,-1.4589,-1.4759,-1.7663,-1.306,-1.4759,-1.6139,-1.229,-1.4759,-1.4498,-1.0244,-1.4759,-1.2686,-0.884,-0.8898,-1.0672,-0.7568,-0.8898,-0.8958,-0.6338,-0.8898,-0.7505,-0.5698,-0.8898,-0.5983,-0.4447,-0.4084,-0.4808,-0.3548,-0.4084,-0.3182,-0.2793,-0.4084,-0.2039,-0.2183,-0.4084,-0.1304,-0.2,-0.229,-0.107,-0.1478,-0.229,-0.1095,-0.172,-0.229,-0.0899,-0.2114,-0.229,-0.1263,-0.2231,-0.2619,-0.1637,-0.2356,-0.2619,-0.182,-0.2769,-0.2619,-0.1992,-0.2974,-0.2619,-0.2234,-0.3378,-0.4562,-0.2932,-0.3936,-0.4562,-0.3313,-0.4389,-0.4562,-0.4066,-0.4739,-0.4562,-0.4624,-0.5645,-0.6894,-0.5183,-0.604,-0.6894,-0.5718,-0.6627,-0.6894
2025-07-10,-0.6251,-0.6881,-0.6894,-0.663,-0.7103,-0.8748,-0.6864,-0.7551,-0.8748,-0.7368,-0.7895,-0.8748,-0.7547,-0.8277,-0.8748,-0.7918,-0.8462,-0.9705,-0.8005,-0.8699,-0.9705,-0.8333,-0.8819,-0.9705,-0.8161,-0.901,-0.9705,-0.8391,-0.9092,-0.9974,-0.8204,-0.9118,-0.9974,-0.8456,-0.9164,-0.9974,-0.87,-0.9194,-0.9974,-0.8506,-0.9164,-0.9855,-0.8636,-0.9141,-0.9855,-0.8523,-0.9189,-0.9855,-0.836,-0.9288,-0.9855,-0.8413,-0.9225,-0.9526,-0.8191,-0.9088,-0.9526,-0.8051,-0.9057,-0.9526,-0.7815,-0.8886,-0.9526,-0.7191,-0.8202,-0.8061,-0.7113,-0.8007,-0.8061,-0.6747,-0.7488,-0.8061,-0.6204,-0.7117,-0.8061,-0.5383,-0.6338,-0.6207,-0.5209,-0.6112,-0.6207,-0.5442,-0.5817,-0.6207,-0.5658,-0.5901,-0.6207,-0.5504,-0.5461,-0.5668,-0.575,-0.5502,-0.5668,-0.5951,-0.5674,-0.5668,-0.6314,-0.5409,-0.5668,-0.6706,-0.5758,-0.812,-0.8049,-0.6685,-0.812,-0.8851,-0.7634,-0.812,-1.0061,-0.8617,-0.812,-1.1217,-0.9229,-1.1798,-1.2878,-1.0687,-1.1798,-1.3627,-1.2086,-1.1798,-1.4966,-1.2867,-1.1798,-1.5944,-1.2915,-1.6612,-1.7038,-1.3338,-1.6612,-1.8068,-1.4371,-1.6612,-1.8938,-1.5186,-1.6612,-1.9943,-1.6506,-2.0141,-2.0592,-1.603,-2.0141,-2.0967,-1.6593,-2.0141,-2.1563,-1.703,-2.0141,-2.3007,-1.8741,-2.3729,-2.3928,-1.9761,-2.3729,-2.4693,-2.0312,-2.3729,-2.5314,-2.0672,-2.3729,-2.4864,-2.0315,-2.4835,-2.4887,-2.0016,-2.4835,-2.4769,-2.0312,-2.4835,-2.5175,-2.0597,-2.4835,-2.5217,-2.0518,-2.4716,-2.5468,-2.0148,-2.4716,-2.5356,-2.0322,-2.4716,-2.4807,-1.9857,-2.4716,-2.4709,-1.935,-2.328,-2.4358,-1.8866,-2.328,-2.3503,-1.8236,-2.328,-2.2438,-1.7322,-2.328,-2.2037,-1.6741,-1.9872,-2.1174,-1.6304,-1.9872,-2.0538,-1.5828,-1.9872,-1.9343,-1.5449,-1.9872,-1.8287,-1.4631,-1.4579,-1.6904,-1.2766,-1.4579,-1.5812,-1.153,-1.4579,-1.3656,-0.9957,-1.4579,-1.1943,-0.8283,-0.8569,-0.9908,-0.7342,-0.8569,-0.8524,-0.575,-0.8569,-0.6651,-0.4562,-0.8569,-0.5389,-0.3566,-0.3874,-0.3909,-0.308,-0.3874,-0.2364,-0.2416,-0.3874,-0.1521,-0.2096,-0.3874,-0.1089,-0.2134,-0.205,-0.0456,-0.1746,-0.205,-0.0551,-0.1863,-0.205,-0.0471,-0.2101,-0.205,-0.0676,-0.2359,-0.2559,-0.15,-0.2833,-0.2559,-0.1389,-0.2967,-0.2559,-0.1921,-0.3,-0.2559,-0.2279,-0.3627,-0.4443,-0.2912,-0.4078,-0.4443,-0.3589,-0.4558,-0.4443,-0.4157,-0.4965,-0.4443,-0.4543,-0.5819,-0.6715,-0.511,-0.6268,-0.6715,-0.5692,-0.6693,-0.6715
2025-07-11,-0.5762,-0.6917,-0.6715,-0.6408,-0.7064,-0.8031,-0.6888,-0.7545,-0.8031,-0.7108,-0.7889,-0.8031,-0.7611,-0.8209,-0.8031,-0.7576,-0.8447,-0.9017,-0.8124,-0.8619,-0.9017,-0.8174,-0.8841,-0.9017,-0.8287,-0.9055,-0.9017,-0.8386,-0.919,-0.9406,-0.8705,-0.9204,-0.9406,-0.8778,-0.9279,-0.9406,-0.8916,-0.9318,-0.9406,-0.8636,-0.9337,-0.9526,-0.8548,-0.9313,-0.9526,-0.8561,-0.9233,-0.9526,-0.8663,-0.9373,-0.9526,-0.8393,-0.9296,-0.9257,-0.8203,-0.9324,-0.9257,-0.8358,-0.924,-0.9257,-0.7902,-0.9003,-0.9257,-0.7314,-0.8656,-0.7881,-0.7118,-0.8406,-0.7881,-0.6735,-0.8032,-0.7881,-0.6502,-0.7545,-0.7881,-0.5726,-0.6909,-0.6117,-0.5467,-0.6531,-0.6117,-0.5288,-0.629,-0.6117,-0.5363,-0.6154,-0.6117,-0.5022,-0.5574,-0.5848,-0.5617,-0.5721,-0.5848,-0.5973,-0.602,-0.5848,-0.6173,-0.5921,-0.5848,-0.6723,-0.6116,-0.8031,-0.7697,-0.683,-0.8031,-0.8733,-0.7735,-0.8031,-0.9765,-0.8747,-0.8031,-1.0735,-0.9725,-1.1858,-1.1969,-1.0965,-1.1858,-1.292,-1.2128,-1.1858,-1.4203,-1.2723,-1.1858,-1.5257,-1.3252,-1.6254,-1.6555,-1.3929,-1.6254,-1.745,-1.4561,-1.6254,-1.8403,-1.5693,-1.6254,-1.9145,-1.6533,-1.9573,-1.9827,-1.6253,-1.9573,-2.0211,-1.6803,-1.9573,-2.1189,-1.7528,-1.9573,-2.2294,-1.8808,-2.3011,-2.3048,-1.9481,-2.3011,-2.3826,-2.0016,-2.3011,-2.4113,-1.9926,-2.3011,-2.4235,-1.9919,-2.3609,-2.4367,-1.9598,-2.3609,-2.3967,-1.975,-2.3609,-2.4607,-2.0417,-2.3609,-2.4874,-2.0089,-2.3908,-2.5194,-2.0157,-2.3908,-2.4506,-1.9842,-2.3908,-2.4304,-2.0622,-2.3908,-2.3826,-1.9132,-2.3191,-2.3376,-1.876,-2.3191,-2.2265,-1.8051,-2.3191,-2.1599,-1.7465,-2.3191,-2.0326,-1.6789,-2.038,-1.8102,-1.6024,-2.038,-1.822,-1.5236,-2.038,-1.5073,-1.4779,-2.038,-1.4522,-1.3821,-1.4818,-1.3096,-1.2243,-1.4818,-0.8595,-1.1507,-1.4818,-0.7858,-0.9448,-1.4818,-0.6343,-0.8177,-0.8569,-0.4941,-0.687,-0.8569,-0.4203,-0.5732,-0.8569,-0.42,-0.411,-0.8569,-0.3597,-0.3412,-0.3605,-0.2931,-0.2773,-0.3605,-0.2036,-0.1876,-0.3605,-0.1065,-0.1765,-0.3605,-0.0589,-0.1654,-0.1632,-0.0378,-0.1266,-0.1632,-0.0369,-0.1427,-0.1632,-0.0187,-0.1687,-0.1632,-0.0591,-0.1913,-0.208,-0.0889,-0.2235,-0.208,-0.1376,-0.2537,-0.208,-0.1233,-0.2927,-0.208,-0.1867,-0.348,-0.3695,-0.2324,-0.3998,-0.3695,-0.2731,-0.4628,-0.3695,-0.3314,-0.4908,-0.3695,-0.4029,-0.5746,-0.5967,-0.4485,-0.6079,-0.5967,-0.4989,-0.6541,-0.5967
2025-07-12,-0.5033,-0.6362,-0.5967,-0.5806,-0.6478,-0.7283,-0.5875,-0.696,-0.7283,-0.6223,-0.7383,-0.7283,-0.7101,-0.7637,-0.7283,-0.7128,-0.7866,-0.8479,-0.7259,-0.8156,-0.8479,-0.7372,-0.8523,-0.8479,-0.7704,-0.8825,-0.8479,-0.8015,-0.9087,-0.9137,-0.8055,-0.9129,-0.9137,-0.8448,-0.9162,-0.9137,-0.8315,-0.9315,-0.9137,-0.8262,-0.9315,-0.9675,-0.8204,-0.932,-0.9675,-0.8417,-0.9235,-0.9675,-0.844,-0.9475,-0.9675,-0.8249,-0.9289,-0.9556,-0.8505,-0.934,-0.9556,-0.8257,-0.9273,-0.9556,-0.8088,-0.908,-0.9556,-0.7701,-0.8904,-0.8928,-0.7844,-0.8803,-0.8928,-0.7536,-0.8662,-0.8928,-0.7544,-0.8547,-0.8928,-0.7276,-0.8398,-0.8718,-0.7521,-0.8573,-0.8718,-0.785,-0.8561,-0.8718,-0.8468,-0.8786,-0.8718,-0.8937,-0.8738,-0.9466,-0.9216,-0.8655,-0.9466,-1.0063,-0.8997,-0.9466,-1.0374,-0.8992,-0.9466,-1.0636,-0.8886,-1.129,-1.1525,-0.9621,-1.129,-1.2319,-1.0565,-1.129,-1.3155,-1.1184,-1.129,-1.3791,-1.0944,-1.5147,-1.5145,-1.236,-1.5147,-1.6357,-1.3247,-1.5147,-1.752,-1.4463,-1.5147,-1.8277,-1.4875,-1.9274,-1.9723,-1.5715,-1.9274,-2.0704,-1.6933,-1.9274,-2.149,-1.7121,-1.9274,-2.225,-1.7619,-2.2503,-2.3428,-1.8277,-2.2503,-2.3643,-1.8757,-2.2503,-2.4362,-1.8609,-2.2503,-2.473,-1.9503,-2.4805,-2.5549,-2.0048,-2.4805,-2.5726,-2.025,-2.4805,-2.6591,-2.0979,-2.4805,-2.6791,-2.1094,-2.6091,-2.712,-2.0661,-2.6091,-2.7042,-2.0801,-2.6091,-2.7339,-2.1159,-2.6091,-2.7352,-2.1046,-2.66,-2.7538,-2.0856,-2.66,-2.7466,-2.0693,-2.66,-2.7107,-2.0925,-2.66,-2.6482,-2.045,-2.5583,-2.6418,-2.0274,-2.5583,-2.5095,-1.9234,-2.5583,-2.2955,-1.857,-2.5583,-2.2939,-1.7889,-2.2682,-2.2619,-1.7302,-2.2682,-2.1688,-1.6419,-2.2682,-2.09,-1.5888,-2.2682,-1.9854,-1.4929,-1.6911,-1.8894,-1.366,-1.6911,-1.7049,-1.2364,-1.6911,-1.5541,-1.1525,-1.6911,-1.3594,-1.0202,-1.0094,-1.1717,-0.8672,-1.0094,-1.0334,-0.7392,-1.0094,-0.8355,-0.5832,-1.0094,-0.6911,-0.5369,-0.4801,-0.515,-0.454,-0.4801,-0.3656,-0.3548,-0.4801,-0.2994,-0.344,-0.4801,-0.2123,-0.3164,-0.2648,-0.2032,-0.273,-0.2648,-0.1859,-0.2714,-0.2648,-0.1984,-0.2785,-0.2648,-0.2212,-0.2694,-0.2828,-0.2331,-0.3121,-0.2828,-0.2433,-0.3034,-0.2828,-0.2345,-0.3332,-0.2828,-0.304,-0.3752,-0.4114,-0.3224,-0.4278,-0.4114,-0.3883,-0.4716,-0.4114,-0.4326,-0.5035,-0.4114,-0.4906,-0.5805,-0.6027,-0.5251,-0.6189,-0.6027,-0.5834,-0.6547,-0.6027
2025-07-13,-0.6066,-0.6564,-0.6027,-0.6447,-0.6724,-0.7522,-0.6768,-0.7344,-0.7522,-0.7289,-0.7627,-0.7522,-0.7494,-0.7962,-0.7522,-0.7597,-0.8105,-0.8659,-0.7956,-0.8367,-0.8659,-0.8277,-0.8561,-0.8659,-0.8541,-0.8867,-0.8659,-0.858,-0.9006,-0.9257,-0.8695,-0.9052,-0.9257,-0.9066,-0.9217,-0.9257,-0.8723,-0.9291,-0.9257,-0.883,-0.9279,-0.9885,-0.9117,-0.9425,-0.9885,-0.9214,-0.9293,-0.9885,-0.9463,-0.939,-0.9885,-0.951,-0.9418,-0.9855,-0.9318,-0.929,-0.9855,-0.9354,-0.9191,-0.9855,-0.9434,-0.9264,-0.9855,-0.8984,-0.9131,-0.9436,-0.8878,-0.8987,-0.9436,-0.8921,-0.8926,-0.9436,-0.8819,-0.8864,-0.9436,-0.894,-0.895,-0.9586,-0.9088,-0.8959,-0.9586,-0.9143,-0.9076,-0.9586,-1.0272,-0.9226,-0.9586,-1.0492,-0.9214,-1.0632,-1.0699,-0.9559,-1.0632,-1.1624,-0.9707,-1.0632,-1.2303,-0.9752,-1.0632,-1.2867,-1.0398,-1.2665,-1.3757,-1.0366,-1.2665,-1.5053,-1.076,-1.2665,-1.5765,-1.1092,-1.2665,-1.6067,-1.1398,-1.6403,-1.7055,-1.2074,-1.6403,-1.8196,-1.2454,-1.6403,-2.0022,-1.3062,-1.6403,-2.1658,-1.3324,-1.9034,-2.0566,-1.4206,-1.9034,-1.9219,-1.4654,-1.9034,-1.655,-1.5894,-1.9034,-1.7864,-1.5639,-2.1696,-2.0569,-1.637,-2.1696,-2.4333,-1.6292,-2.1696,-2.3442,-1.5712,-2.1696,-2.2528,-1.6865,-2.355,-2.0017,-1.7593,-2.355,-2.3139,-1.7557,-2.355,-2.4134,-1.8423,-2.355,-2.6144,-1.9714,-2.4118,-2.7505,-1.9228,-2.4118,-2.7156,-1.8747,-2.4118,-2.6444,-2.0281,-2.4118,-2.5913,-1.9789,-2.4088,-2.6644,-1.948,-2.4088,-2.8583,-2.0169,-2.4088,-2.8893,-2.0071,-2.4088,-2.7786,-2.0089,-2.34,-2.5806,-2.0057,-2.34,-2.6611,-1.9828,-2.34,-2.5658,-1.8581,-2.34,-2.4967,-1.7316,-2.1247,-2.2907,-1.6359,-2.1247,-1.6744,-1.5674,-2.1247,-1.0865,-1.5272,-2.1247,-0.6829,-1.3968,-1.4759,-0.4864,-1.3479,-1.4759,-0.5986,-1.2176,-1.4759,-1.1665,-1.1187,-1.4759,-1.401,-1.0034,-0.7851,-1.3335,-0.8845,-0.7851,-1.0664,-0.7093,-0.7851,-0.8057,-0.5849,-0.7851,-0.7283,-0.528,-0.3874,-0.6408,-0.418,-0.3874,-0.4266,-0.3659,-0.3874,-0.3037,-0.3395,-0.3874,-0.2881,-0.3098,-0.2559,-0.2437,-0.251,-0.2559,-0.2352,-0.2438,-0.2559,-0.2003,-0.281,-0.2559,-0.2528,-0.2816,-0.3007,-0.274,-0.327,-0.3007,-0.2995,-0.2976,-0.3007,-0.3163,-0.3354,-0.3007,-0.3469,-0.4095,-0.4562,-0.4109,-0.4811,-0.4562,-0.446,-0.5144,-0.4562,-0.4821,-0.5482,-0.4562,-0.5624,-0.6178,-0.6595,-0.6378,-0.672,-0.6595,-0.6441,-0.705,-0.6595
2025-07-14,-0.6629,-0.7299,-0.6595,-0.7198,-0.7526,-0.8061,-0.7438,-0.7978,-0.8061,-0.7835,-0.8183,-0.8061,-0.8014,-0.8708,-0.8061,-0.8366,-0.8752,-0.8928,-0.8455,-0.8942,-0.8928,-0.86,-0.9232,-0.8928,-0.8879,-0.9365,-0.8928,-0.9027,-0.943,-0.9556,-0.8985,-0.9513,-0.9556,-0.8966,-0.9456,-0.9556,-0.9047,-0.9646,-0.9556,-0.9103,-0.9614,-0.9675,-0.9228,-0.9701,-0.9675,-0.9151,-0.9646,-0.9675,-0.8995,-0.9494,-0.9675,-0.9073,-0.9528,-0.9526,-0.8819,-0.9398,-0.9526,-0.896,-0.9222,-0.9526,-0.8524,-0.911,-0.9526,-0.821,-0.8491,-0.809,-0.7609,-0.8432,-0.809,-0.7452,-0.7934,-0.809,-0.6589,-0.7407,-0.809,-0.5928,-0.6733,-0.5519,-0.5599,-0.6261,-0.5519,-0.4838,-0.5925,-0.5519,-0.4202,-0.5868,-0.5519,-0.3242,-0.4524,-0.3246,-0.2207,-0.4276,-0.3246,-0.1253,-0.3699,-0.3246,-0.0335,-0.3224,-0.3246,0.0164,-0.2746,-0.2977,0.0132,-0.2894,-0.2977,0.0328,-0.3173,-0.2977,0.1201,-0.3353,-0.2977,0.1125,-0.4572,-0.2858,0.0217,-0.4931,-0.2858,0.1117,-0.4185,-0.2858,-0.1193,-0.5454,-0.2858,-0.5967,-0.4854,-0.519,-0.5437,-0.6171,-0.519,-0.2554,-0.7074,-0.519,-0.4555,-1.0097,-0.519,-0.8343,-1.1994,-0.9137,-0.7698,-1.129,-0.9137,-0.5173,-1.1979,-0.9137,-0.5623,-1.3111,-0.9137,-0.8263,-1.5148,-1.5865,-1.185,-1.6028,-1.5865,-1.3577,-1.6774,-1.5865,-1.0998,-1.718,-1.5865,-0.8604,-1.676,-1.9991,-0.7373,-1.8512,-1.9991,-0.885,-1.8377,-1.9991,-1.3227,-1.9032,-1.9991,-1.8967,-1.9664,-2.1337,-2.2415,-1.881,-2.1337,-2.2944,-1.8453,-2.1337,-2.2765,-1.8724,-2.1337,-2.2572,-1.7486,-2.1008,-2.1644,-1.7413,-2.1008,-2.0969,-1.6798,-2.1008,-2.0432,-1.5623,-2.1008,-2.0068,-1.5485,-1.8048,-1.9164,-1.5222,-1.8048,-1.7527,-1.4701,-1.8048,-1.7603,-1.3549,-1.8048,-1.593,-1.2807,-1.2636,-1.234,-1.1827,-1.2636,-1.0982,-1.0865,-1.2636,-1.0091,-0.9806,-1.2636,-0.9678,-0.901,-0.6715,-0.6953,-0.7004,-0.6715,-0.5996,-0.6336,-0.6715,-0.4279,-0.4722,-0.6715,-0.4171,-0.35,-0.2409,-0.2588,-0.2469,-0.2409,-0.1086,-0.1643,-0.2409,-0.0641,-0.111,-0.2409,-0.0118,-0.0979,-0.0974,-0.0256,-0.074,-0.0974,-0.0236,-0.0769,-0.0974,-0.0126,-0.1232,-0.0974,-0.0664,-0.1694,-0.1662,-0.1091,-0.1963,-0.1662,-0.1123,-0.2072,-0.1662,-0.1329,-0.2486,-0.1662,-0.2215,-0.3231,-0.3456,-0.248,-0.3794,-0.3456,-0.3377,-0.4124,-0.3456,-0.4002,-0.4659,-0.3456,-0.4201,-0.5488,-0.5818,-0.5001,-0.5971,-0.5818,-0.5357,-0.6358,-0.5818
2025-07-15,-0.5929,-0.712,-0.5818,-0.6181,-0.7307,-0.7612,-0.6678,-0.7695,-0.7612,-0.7075,-0.8067,-0.7612,-0.723,-0.8364,-0.7612,-0.7492,-0.8443,-0.8509,-0.7532,-0.8881,-0.8509,-0.815,-0.8947,-0.8509,-0.8241,-0.9143,-0.8509,-0.8248,-0.9339,-0.9107,-0.8425,-0.9289,-0.9107,-0.8453,-0.9446,-0.9107,-0.8315,-0.9548,-0.9107,-0.8698,-0.9418,-0.9257,-0.862,-0.9451,-0.9257,-0.8661,-0.9527,-0.9257,-0.858,-0.9366,-0.9257,-0.8721,-0.9314,-0.9047,-0.9001,-0.927,-0.9047,-0.8657,-0.9157,-0.9047,-0.8619,-0.9013,-0.9047,-0.8075,-0.8392,-0.7851,-0.7693,-0.8138,-0.7851,-0.7085,-0.7784,-0.7851,-0.6758,-0.7174,-0.7851,-0.575,-0.6522,-0.5878,-0.5262,-0.6303,-0.5878,-0.4694,-0.5832,-0.5878,-0.4587,-0.5534,-0.5878,-0.4442,-0.4969,-0.4771,-0.3664,-0.477,-0.4771,-0.1385,-0.4575,-0.4771,-0.0642,-0.4798,-0.4771,-0.1421,-0.4846,-0.6476,-0.3982,-0.5505,-0.6476,-0.522,-0.6426,-0.6476,-0.7655,-0.7037,-0.6476,-0.6711,-0.7489,-0.9496,-0.5081,-0.8251,-0.9496,-0.5112,-0.8647,-0.9496,-0.8666,-0.9971,-0.9496,-0.9442,-1.0123,-1.2964,-1.2727,-1.1324,-1.2964,-1.4612,-1.2702,-1.2964,-1.4905,-1.3349,-1.2964,-1.5242,-1.3915,-1.6672,-1.7557,-1.5326,-1.6672,-1.7396,-1.4359,-1.6672,-1.8946,-1.4942,-1.6672,-1.7376,-1.6796,-1.9274,-1.2408,-1.7515,-1.9274,-0.9913,-1.8455,-1.9274,-0.8122,-1.9002,-1.9274,-0.6407,-1.9131,-2.1247,-0.4925,-1.8481,-2.1247,-0.3967,-1.8346,-2.1247,-0.483,-1.8351,-2.1247,-0.9118,-1.8293,-2.1337,-1.0647,-1.734,-2.1337,-1.3267,-1.7072,-2.1337,-1.2316,-1.727,-2.1337,-1.0908,-1.6839,-2.029,-1.1679,-1.6609,-2.029,-1.4057,-1.5941,-2.029,-1.6068,-1.5028,-2.029,-1.4113,-1.4295,-1.6403,-1.172,-1.3832,-1.6403,-1.1656,-1.3097,-1.6403,-1.1925,-1.2862,-1.6403,-1.2376,-1.2718,-1.0333,-1.1373,-1.1564,-1.0333,-1.106,-0.9674,-1.0333,-0.8326,-0.8188,-1.0333,-0.7772,-0.684,-0.4742,-0.6905,-0.5439,-0.4742,-0.6592,-0.4652,-0.4742,-0.5158,-0.3275,-0.4742,-0.3154,-0.2725,-0.1901,-0.2076,-0.2059,-0.1901,-0.2205,-0.1623,-0.1901,-0.1058,-0.1635,-0.1901,-0.0154,-0.1309,-0.0914,0.0295,-0.1142,-0.0914,0.0071,-0.1125,-0.0914,-0.002,-0.158,-0.0914,-0.0181,-0.1973,-0.1721,-0.0635,-0.2086,-0.1721,-0.0887,-0.2196,-0.1721,-0.0944,-0.2782,-0.1721,-0.1703,-0.3387,-0.3605,-0.217,-0.3911,-0.3605,-0.295,-0.4394,-0.3605,-0.3364,-0.4865,-0.3605,-0.4401,-0.582,-0.5908,-0.4907,-0.6278,-0.5908,-0.5252,-0.6753,-0.5908
2025-07-16,-0.5748,-0.6595,-0.5908,-0.6199,-0.6965,-0.7313,-0.665,-0.7325,-0.7313,-0.6598,-0.7732,-0.7313,-0.7095,-0.7953,-0.7313,-0.7261,-0.8163,-0.827,-0.736,-0.8321,-0.827,-0.7602,-0.8714,-0.827,-0.7786,-0.8741,-0.827,-0.7917,-0.9089,-0.8838,-0.7825,-0.9117,-0.8838,-0.7899,-0.9039,-0.8838,-0.8103,-0.9187,-0.8838,-0.8258,-0.9207,-0.9017,-0.8312,-0.9039,-0.9017,-0.852,-0.918,-0.9017,-0.84,-0.9139,-0.9017,-0.8695,-0.906,-0.8838,-0.8253,-0.9152,-0.8838,-0.8209,-0.8752,-0.8838,-0.8339,-0.8662,-0.8838,-0.7506,-0.8027,-0.7463,-0.7253,-0.7883,-0.7463,-0.6512,-0.7362,-0.7463,-0.6421,-0.6885,-0.7463,-0.5538,-0.6297,-0.5489,-0.5291,-0.6026,-0.5489,-0.4522,-0.5722,-0.5489,-0.4652,-0.5673,-0.5489,-0.4321,-0.4745,-0.4173,-0.3908,-0.4641,-0.4173,-0.3577,-0.4485,-0.4173,-0.3359,-0.4096,-0.4173,-0.3268,-0.4772,-0.5639,-0.4432,-0.5355,-0.5639,-0.5788,-0.6544,-0.5639,-0.8125,-0.7241,-0.5639,-0.9329,-0.7537,-0.8778,-1.0049,-0.7794,-0.8778,-1.0011,-0.823,-0.8778,-1.1885,-0.8083,-0.8778,-1.3082,-0.845,-1.2964,-1.4585,-0.9131,-1.2964,-0.9258,-1.1321,-1.2964,-1.0397,-1.1997,-1.2964,-0.9202,-1.2049,-1.5925,-1.2026,-1.1942,-1.5925,-1.6213,-1.1548,-1.5925,-1.3353,-1.1065,-1.5925,-1.5314,-1.3256,-2.0081,-1.972,-1.459,-2.0081,-2.1912,-1.444,-2.0081,-2.2478,-1.5041,-2.0081,-2.0608,-1.4451,-2.05,-1.7162,-1.468,-2.05,-1.3895,-1.4554,-2.05,-1.6813,-1.5526,-2.05,-2.2931,-1.6222,-2.0679,-2.0181,-1.6654,-2.0679,-1.7702,-1.5572,-2.0679,-1.6994,-1.454,-2.0679,-1.1171,-1.3684,-1.9393,-0.8048,-1.2999,-1.9393,-0.7589,-1.1909,-1.9393,-0.8722,-0.9644,-1.9393,-0.8171,-0.8693,-1.6074,-0.6147,-0.9034,-1.6074,-0.358,-0.9101,-1.6074,-0.3299,-0.8938,-1.6074,-0.3496,-0.8538,-1.2008,-0.431,-0.8727,-1.2008,-0.442,-0.775,-1.2008,-0.246,-0.7203,-1.2008,-0.0485,-0.5441,-0.5997,0.0139,-0.4998,-0.5997,-0.0345,-0.4828,-0.5997,0.0111,-0.4002,-0.5997,0.0216,-0.3233,-0.214,0.0501,-0.2495,-0.214,0.1247,-0.1612,-0.214,0.0439,-0.1442,-0.214,0.0379,-0.1267,-0.0735,0.0129,-0.1057,-0.0735,0.021,-0.1142,-0.0735,0.0231,-0.1494,-0.0735,-0.0453,-0.1677,-0.1542,-0.0871,-0.2079,-0.1542,-0.0995,-0.2197,-0.1542,-0.18,-0.2612,-0.1542,-0.2202,-0.3233,-0.3426,-0.2769,-0.3836,-0.3426,-0.3343,-0.4432,-0.3426,-0.3717,-0.4932,-0.3426,-0.4787,-0.5653,-0.5758,-0.5207,-0.608,-0.5758,-0.5728,-0.6445,-0.5758
2025-07-17,-0.6059,-0.6347,-0.5758,-0.6274,-0.6736,-0.7492,-0.6847,-0.715,-0.7492,-0.695,-0.7517,-0.7492,-0.7331,-0.763,-0.7492,-0.7612,-0.7903,-0.8449,-0.759,-0.7987,-0.8449,-0.8078,-0.8293,-0.8449,-0.8023,-0.8516,-0.8449,-0.8251,-0.8733,-0.8898,-0.826,-0.8775,-0.8898,-0.8307,-0.8799,-0.8898,-0.8174,-0.9041,-0.8898,-0.8441,-0.8871,-0.8958,-0.8471,-0.8956,-0.8958,-0.8576,-0.9024,-0.8958,-0.8591,-0.8875,-0.8958,-0.829,-0.8857,-0.8748,-0.851,-0.8744,-0.8748,-0.8246,-0.8488,-0.8748,-0.8181,-0.8588,-0.8748,-0.7629,-0.8087,-0.7403,-0.7383,-0.7846,-0.7403,-0.6746,-0.7339,-0.7403,-0.6212,-0.6731,-0.7403,-0.5412,-0.6144,-0.5429,-0.5114,-0.5784,-0.5429,-0.4758,-0.5652,-0.5429,-0.461,-0.538,-0.5429,-0.3901,-0.4969,-0.4532,-0.3971,-0.4837,-0.4532,-0.3961,-0.4916,-0.4532,-0.3881,-0.4848,-0.4532,-0.4336,-0.5114,-0.6296,-0.4939,-0.5966,-0.6296,-0.7262,-0.6341,-0.6296,-0.9308,-0.7257,-0.6296,-0.9598,-0.8057,-0.9496,-1.1092,-0.9188,-0.9496,-1.1905,-1.0071,-0.9496,-1.3551,-1.0728,-0.9496,-1.4474,-1.0901,-1.4101,-1.5449,-1.19,-1.4101,-1.6488,-1.2937,-1.4101,-1.718,-1.3904,-1.4101,-1.7923,-1.5014,-1.8167,-1.8797,-1.5155,-1.8167,-1.8967,-1.5902,-1.8167,-1.9822,-1.6249,-1.8167,-2.1018,-1.7177,-2.2623,-2.2136,-1.8191,-2.2623,-2.3038,-1.8605,-2.2623,-2.3169,-1.9405,-2.2623,-2.3592,-1.9107,-2.3609,-2.3427,-1.8942,-2.3609,-2.3138,-1.8786,-2.3609,-2.3204,-1.8991,-2.3609,-2.349,-1.9508,-2.4417,-2.3608,-1.9861,-2.4417,-2.2866,-1.9983,-2.4417,-2.3021,-2.0677,-2.4417,-2.2491,-1.8932,-2.3131,-2.214,-1.8535,-2.3131,-2.1828,-1.765,-2.3131,-2.0925,-1.7187,-2.3131,-2.0176,-1.6549,-1.9662,-1.9294,-1.5704,-1.9662,-1.8532,-1.4893,-1.9662,-1.7659,-1.4705,-1.9662,-1.6662,-1.4058,-1.4938,-1.5499,-1.2605,-1.4938,-1.3941,-1.1846,-1.4938,-1.2643,-1.0011,-1.4938,-1.0788,-0.9101,-0.812,-0.9041,-0.727,-0.812,-0.7554,-0.6516,-0.812,-0.6244,-0.5161,-0.812,-0.4369,-0.4213,-0.2828,-0.2762,-0.3014,-0.2828,-0.1496,-0.1885,-0.2828,-0.0522,-0.1385,-0.2828,0.0347,-0.1098,-0.0884,0.0508,-0.0944,-0.0884,0.0842,-0.1126,-0.0884,0.0446,-0.1438,-0.0884,0.0009,-0.1545,-0.1422,-0.0394,-0.2008,-0.1422,-0.0705,-0.2154,-0.1422,-0.0688,-0.2543,-0.1422,-0.1504,-0.3259,-0.3187,-0.1763,-0.38,-0.3187,-0.2435,-0.4367,-0.3187,-0.3119,-0.4716,-0.3187,-0.3862,-0.5539,-0.5579,-0.4389,-0.6044,-0.5579,-0.4779,-0.6323,-0.5579
2025-07-18,-0.53,-0.6663,-0.5579,-0.563,-0.6875,-0.7164,-0.6131,-0.73,-0.7164,-0.6333,-0.7686,-0.7164,-0.6754,-0.794,-0.7164,-0.6821,-0.8138,-0.812,-0.7114,-0.8338,-0.812,-0.7237,-0.8702,-0.812,-0.7546,-0.8834,-0.812,-0.7705,-0.9108,-0.8539,-0.7769,-0.9108,-0.8539,-0.7975,-0.9161,-0.8539,-0.7936,-0.9265,-0.8539,-0.7883,-0.9291,-0.8718,-0.7966,-0.9213,-0.8718,-0.829,-0.9213,-0.8718,-0.8158,-0.9265,-0.8718,-0.7801,-0.91,-0.8509,-0.783,-0.9092,-0.8509,-0.7708,-0.905,-0.8509,-0.7454,-0.8815,-0.8509,-0.7022,-0.825,-0.7164,-0.6891,-0.8123,-0.7164,-0.6443,-0.7564,-0.7164,-0.6045,-0.6912,-0.7164,-0.5386,-0.6463,-0.531,-0.5156,-0.6374,-0.531,-0.4412,-0.6108,-0.531,-0.4021,-0.5979,-0.531,-0.4274,-0.566,-0.4742,-0.5763,-0.5758,-0.4742,-0.5573,-0.5762,-0.4742,-0.4266,-0.5785,-0.4742,-0.5934,-0.6166,-0.6954,-0.6127,-0.6886,-0.6954,-0.7601,-0.8109,-0.6954,-0.865,-0.8697,-0.6954,-0.9654,-0.9491,-1.1021,-1.0617,-1.0871,-1.1021,-1.135,-1.1295,-1.1021,-1.3049,-1.2203,-1.1021,-1.3937,-1.2807,-1.5386,-1.5214,-1.351,-1.5386,-1.6296,-1.4186,-1.5386,-1.7157,-1.5099,-1.5386,-1.7392,-1.6125,-1.8526,-1.827,-1.5528,-1.8526,-1.841,-1.6741,-1.8526,-1.8842,-1.7154,-1.8526,-2.046,-1.8269,-2.2324,-2.1435,-1.8914,-2.2324,-2.2392,-1.9743,-2.2324,-2.3012,-2.0133,-2.2324,-2.2622,-1.9091,-2.3041,-2.3116,-1.9783,-2.3041,-2.254,-1.958,-2.3041,-2.3003,-1.967,-2.3041,-2.3029,-1.9758,-2.4088,-2.3083,-1.9139,-2.4088,-2.266,-1.9475,-2.4088,-2.2842,-1.9835,-2.4088,-2.2543,-1.8537,-2.1397,-1.8596,-1.8013,-2.1397,-2.0462,-1.7503,-2.1397,-1.9743,-1.7072,-2.1397,-2.0329,-1.592,-1.7659,-1.8969,-1.5903,-1.7659,-1.8394,-1.4813,-1.7659,-1.7645,-1.3875,-1.7659,-1.6568,-1.3323,-1.2187,-1.3452,-1.1809,-1.2187,-1.0333,-1.1153,-1.2187,-1.1081,-1.0206,-1.2187,-0.7642,-0.8465,-0.6117,-0.5911,-0.6929,-0.6117,-0.5726,-0.5665,-0.6117,-0.4692,-0.399,-0.6117,-0.2807,-0.3202,-0.1572,-0.1648,-0.2363,-0.1572,-0.0601,-0.1395,-0.1572,-0.0257,-0.1168,-0.1572,0.0323,-0.0887,-0.0286,0.0623,-0.0781,-0.0286,0.0261,-0.1019,-0.0286,0.0213,-0.148,-0.0286,-0.0154,-0.1505,-0.1004,-0.0349,-0.186,-0.1004,-0.0349,-0.1739,-0.1004,-0.095,-0.2296,-0.1004,-0.1369,-0.2765,-0.2768,-0.209,-0.3396,-0.2768,-0.2395,-0.3854,-0.2768,-0.2711,-0.4445,-0.2768,-0.3479,-0.513,-0.4951,-0.391,-0.5559,-0.4951,-0.4318,-0.5959,-0.4951
2025-07-19,-0.4814,-0.5585,-0.4951,-0.5017,-0.5911,-0.6566,-0.5489,-0.6461,-0.6566,-0.5665,-0.6798,-0.6566,-0.6183,-0.6995,-0.6566,-0.6254,-0.7239,-0.7702,-0.6587,-0.7427,-0.7702,-0.6958,-0.7912,-0.7702,-0.7122,-0.8198,-0.7702,-0.7271,-0.8465,-0.8479,-0.7535,-0.8579,-0.8479,-0.775,-0.8672,-0.8479,-0.8043,-0.8798,-0.8479,-0.7686,-0.8778,-0.8868,-0.799,-0.902,-0.8868,-0.8263,-0.8773,-0.8868,-0.7963,-0.9038,-0.8868,-0.811,-0.8815,-0.8928,-0.8113,-0.8767,-0.8928,-0.803,-0.8708,-0.8928,-0.7917,-0.8675,-0.8928,-0.7683,-0.8487,-0.833,-0.755,-0.8518,-0.833,-0.7186,-0.8138,-0.833,-0.7366,-0.7989,-0.833,-0.694,-0.8098,-0.8001,-0.7148,-0.7814,-0.8001,-0.7314,-0.7916,-0.8001,-0.7779,-0.8415,-0.8001,-0.7763,-0.8427,-0.8928,-0.8085,-0.844,-0.8928,-0.8608,-0.8399,-0.8928,-0.8825,-0.8074,-0.8928,-0.9743,-0.7914,-1.138,-0.9975,-0.8318,-1.138,-1.0693,-0.872,-1.138,-1.2227,-0.9525,-1.138,-0.9483,-0.9484,-1.6433,-1.2422,-1.041,-1.6433,-1.4501,-1.0175,-1.6433,-1.5938,-0.9844,-1.6433,-1.602,-0.9746,-1.9214,-1.303,-0.9284,-1.9214,-1.006,-0.9774,-1.9214,-1.4093,-0.7797,-1.9214,-1.8382,-0.8383,-1.6313,-1.5959,-0.5769,-1.6313,-0.7256,-0.5218,-1.6313,-0.1908,-0.4575,-1.6313,-0.1277,-0.4082,-1.5207,-0.0577,-0.394,-1.5207,-0.1448,-0.4158,-1.5207,-0.2876,-0.51,-1.5207,-0.3046,-0.6705,-1.0782,-0.4779,-0.7394,-1.0782,-0.3946,-0.6726,-1.0782,-0.1525,-0.7023,-1.0782,-0.0174,-0.7387,-0.8898,0.008,-0.7149,-0.8898,-0.0354,-0.8535,-0.8898,-0.2877,-0.846,-0.8898,-0.6107,-0.9358,-1.0752,-0.7945,-0.9893,-1.0752,-1.6726,-1.0664,-1.0752,-1.9581,-1.0627,-1.0752,-1.6914,-1.0967,-1.1051,-1.4006,-0.9437,-1.1051,-1.4565,-0.837,-1.1051,-1.2135,-0.7562,-1.1051,-1.7706,-0.8698,-0.836,-1.6375,-0.8897,-0.836,-1.5328,-0.8315,-0.836,-1.5642,-0.7269,-0.836,-1.0321,-0.7088,-0.5369,-0.5947,-0.6446,-0.5369,-0.3747,-0.5464,-0.5369,-0.2616,-0.4609,-0.5369,-0.2662,-0.4525,-0.2858,-0.3867,-0.4077,-0.2858,-0.301,-0.3292,-0.2858,-0.1354,-0.3051,-0.2858,-0.1047,-0.2855,-0.1871,-0.0765,-0.2651,-0.1871,-0.0854,-0.25,-0.1871,-0.1356,-0.2749,-0.1871,-0.1516,-0.2726,-0.2409,-0.1579,-0.3084,-0.2409,-0.1638,-0.307,-0.2409,-0.2095,-0.3633,-0.2409,-0.2533,-0.3976,-0.3934,-0.2828,-0.4493,-0.3934,-0.3443,-0.4911,-0.3934,-0.3607,-0.5152,-0.3934,-0.4263,-0.585,-0.5788,-0.4705,-0.6246,-0.5788,-0.5255,-0.6474,-0.5788
2025-07-20,-0.5425,-0.624,-0.5788,-0.5778,-0.6488,-0.7223,-0.6404,-0.6903,-0.7223,-0.6532,-0.7314,-0.7223,-0.6726,-0.748,-0.7223,-0.685,-0.7737,-0.83,-0.7452,-0.7924,-0.83,-0.7363,-0.8081,-0.83,-0.7928,-0.8427,-0.83,-0.7744,-0.8278,-0.8838,-0.8102,-0.8489,-0.8838,-0.8106,-0.8552,-0.8838,-0.8278,-0.8876,-0.8838,-0.8167,-0.8754,-0.9227,-0.8432,-0.8921,-0.9227,-0.8816,-0.8992,-0.9227,-0.8565,-0.9056,-0.9227,-0.8554,-0.8873,-0.9227,-0.8572,-0.8852,-0.9227,-0.8313,-0.8695,-0.9227,-0.8212,-0.8845,-0.9227,-0.7981,-0.8613,-0.8808,-0.7677,-0.8833,-0.8808,-0.7774,-0.8453,-0.8808,-0.7755,-0.8534,-0.8808,-0.7641,-0.8844,-0.8868,-0.8186,-0.9019,-0.8868,-0.831,-0.904,-0.8868,-0.9365,-0.943,-0.8868,-1.0163,-0.9487,-1.0184,-1.1076,-0.9635,-1.0184,-1.2002,-0.9601,-1.0184,-1.0906,-0.9999,-1.0184,-1.1624,-1.044,-1.2905,-1.1913,-1.0796,-1.2905,-1.1288,-1.1137,-1.2905,-1.2761,-1.1556,-1.2905,-1.3474,-1.1948,-1.6941,-1.4521,-1.3009,-1.6941,-1.6306,-1.2611,-1.6941,-1.8251,-1.3524,-1.6941,-1.8606,-1.3731,-2.0589,-1.6377,-1.4352,-2.0589,-1.8906,-1.5215,-2.0589,-1.893,-1.5765,-2.0589,-1.9207,-1.634,-2.337,-2.2245,-1.7162,-2.337,-2.2464,-1.8516,-2.337,-2.2424,-1.8193,-2.337,-2.4557,-1.8692,-2.5194,-2.5177,-1.8878,-2.5194,-2.5624,-1.9185,-2.5194,-2.4861,-2.0145,-2.5194,-2.09,-1.9587,-2.6809,-1.844,-1.8697,-2.6809,-1.5369,-1.8048,-2.6809,-1.6618,-1.8713,-2.6809,-1.9195,-1.8279,-2.6869,-1.8363,-1.7926,-2.6869,-1.742,-1.8024,-2.6869,-2.1236,-1.8556,-2.6869,-1.58,-1.8924,-2.4357,-1.8464,-1.8786,-2.4357,-2.4204,-1.7721,-2.4357,-2.4792,-1.7498,-2.4357,-2.3829,-1.6383,-2.0081,-2.3273,-1.5423,-2.0081,-2.2632,-1.5283,-2.0081,-1.958,-1.4972,-2.0081,-1.7667,-1.3698,-1.3293,-1.6914,-1.2991,-1.3293,-1.2151,-1.1653,-1.3293,-1.0347,-1.0797,-1.3293,-0.8991,-0.9301,-0.8449,-0.9436,-0.7866,-0.8449,-0.4554,-0.6403,-0.8449,-0.1531,-0.5952,-0.8449,-0.0329,-0.5167,-0.4443,0.0067,-0.4525,-0.4443,0.0436,-0.3625,-0.4443,0.0181,-0.3313,-0.4443,-0.0073,-0.2996,-0.2499,-0.0351,-0.2692,-0.2499,-0.0529,-0.25,-0.2499,-0.056,-0.2731,-0.2499,-0.124,-0.2722,-0.2888,-0.1679,-0.328,-0.2888,-0.2481,-0.3002,-0.2888,-0.3029,-0.3443,-0.2888,-0.3722,-0.4147,-0.4472,-0.4655,-0.4665,-0.4472,-0.4826,-0.5111,-0.4472,-0.5223,-0.5505,-0.4472,-0.5857,-0.6266,-0.6595,-0.6612,-0.6695,-0.6595,-0.682,-0.7217,-0.6595
2025-07-21,-0.7303,-0.7208,-0.6595,-0.7339,-0.7449,-0.7851,-0.7718,-0.7829,-0.7851,-0.7986,-0.8124,-0.7851,-0.8234,-0.8441,-0.7851,-0.8583,-0.8661,-0.8808,-0.8702,-0.8717,-0.8808,-0.8793,-0.9077,-0.8808,-0.8873,-0.9175,-0.8808,-0.8965,-0.9202,-0.9346,-0.9268,-0.919,-0.9346,-0.9251,-0.9226,-0.9346,-0.9339,-0.9467,-0.9346,-0.9071,-0.9421,-0.9466,-0.9242,-0.9349,-0.9466,-0.9246,-0.9347,-0.9466,-0.9416,-0.9315,-0.9466,-0.9542,-0.9315,-0.9137,-0.9514,-0.9274,-0.9137,-0.9507,-0.9147,-0.9137,-0.9256,-0.8934,-0.9137,-0.8881,-0.8339,-0.7732,-0.8343,-0.7976,-0.7732,-0.7855,-0.7304,-0.7732,-0.7321,-0.6747,-0.7732,-0.6259,-0.5932,-0.513,-0.6023,-0.5588,-0.513,-0.495,-0.5334,-0.513,-0.4518,-0.4883,-0.513,-0.3243,-0.4051,-0.3157,-0.2601,-0.2963,-0.3157,-0.1788,-0.2514,-0.3157,-0.0916,-0.1951,-0.3157,-0.0073,-0.1629,-0.4054,0.0738,-0.1505,-0.4054,0.1298,-0.2369,-0.4054,0.0754,-0.217,-0.4054,0.0441,-0.3764,-0.7403,0.1136,-0.3545,-0.7403,0.2559,-0.3607,-0.7403,0.2387,-0.4296,-0.7403,-0.0224,-0.5072,-1.2606,-0.9833,-0.7029,-1.2606,-1.5274,-0.8094,-1.2606,-1.637,-1.0122,-1.2606,-1.8414,-1.1055,-1.5745,-1.8891,-1.1861,-1.5745,-1.9183,-1.2925,-1.5745,-2.0198,-1.4139,-1.5745,-2.162,-1.5606,-2.1576,-2.2947,-1.6683,-2.1576,-2.3263,-1.7534,-2.1576,-2.2795,-1.8753,-2.1576,-2.2329,-1.8695,-2.1905,-2.2828,-1.8943,-2.1905,-2.2606,-1.851,-2.1905,-2.2958,-1.8572,-2.1905,-2.3781,-1.8592,-2.1486,-2.4566,-1.9476,-2.1486,-2.4214,-1.8804,-2.1486,-2.3765,-1.9093,-2.1486,-2.2113,-1.7904,-2.032,-2.1285,-1.8041,-2.032,-1.9628,-1.6689,-2.032,-1.4991,-1.6093,-2.032,-1.4259,-1.5026,-1.7509,-1.4541,-1.4468,-1.7509,-1.9298,-1.4189,-1.7509,-1.8139,-1.413,-1.7509,-1.579,-1.194,-1.2546,-1.4308,-1.1877,-1.2546,-1.2946,-1.0233,-1.2546,-1.0786,-0.9549,-1.2546,-1.0026,-0.743,-0.6805,-0.9187,-0.6051,-0.6805,-0.7246,-0.493,-0.6805,-0.3779,-0.4496,-0.6805,-0.1662,-0.3571,-0.2409,-0.1898,-0.2578,-0.2409,-0.0231,-0.1387,-0.2409,0.0077,-0.1272,-0.2409,-0.0178,-0.0933,-0.0944,0.0164,-0.0856,-0.0944,-0.0055,-0.0922,-0.0944,-0.0473,-0.1304,-0.0944,-0.0591,-0.1606,-0.1602,-0.1203,-0.1849,-0.1602,-0.1377,-0.1917,-0.1602,-0.1658,-0.2296,-0.1602,-0.244,-0.2945,-0.3575,-0.2881,-0.3423,-0.3575,-0.3643,-0.4231,-0.3575,-0.3889,-0.4638,-0.3575,-0.4517,-0.5505,-0.5938,-0.5298,-0.5949,-0.5938,-0.5799,-0.6415,-0.5938
2025-07-22,-0.6371,-0.6978,-0.5938,-0.6576,-0.7221,-0.7821,-0.7092,-0.7697,-0.7821,-0.7281,-0.7927,-0.7821,-0.7497,-0.8214,-0.7821,-0.7948,-0.8339,-0.8748,-0.796,-0.8538,-0.8748,-0.8404,-0.8912,-0.8748,-0.8793,-0.9033,-0.8748,-0.8667,-0.9246,-0.9077,-0.8518,-0.9247,-0.9077,-0.8848,-0.918,-0.9077,-0.8853,-0.9326,-0.9077,-0.8598,-0.927,-0.9227,-0.861,-0.9369,-0.9227,-0.8714,-0.9324,-0.9227,-0.8732,-0.9301,-0.9227,-0.8589,-0.931,-0.8958,-0.8368,-0.9308,-0.8958,-0.8561,-0.9147,-0.8958,-0.8164,-0.8974,-0.8958,-0.7697,-0.8446,-0.7612,-0.7157,-0.8259,-0.7612,-0.6822,-0.7814,-0.7612,-0.6173,-0.7249,-0.7612,-0.5225,-0.6524,-0.5549,-0.524,-0.6146,-0.5549,-0.4636,-0.5627,-0.5549,-0.442,-0.529,-0.5549,-0.3079,-0.4786,-0.4712,-0.3296,-0.4811,-0.4712,-0.3527,-0.471,-0.4712,-0.3934,-0.4601,-0.4712,-0.5274,-0.4944,-0.6924,-0.6773,-0.5915,-0.6924,-0.7341,-0.6886,-0.6924,-0.8648,-0.7555,-0.6924,-0.9846,-0.8309,-1.1111,-1.0796,-0.9414,-1.1111,-1.256,-1.0033,-1.1111,-1.404,-1.1067,-1.1111,-1.4764,-1.1026,-1.6074,-1.6334,-1.1989,-1.6074,-1.6957,-1.2891,-1.6074,-1.8058,-1.4272,-1.6074,-1.9234,-1.5447,-1.9363,-1.9859,-1.5467,-1.9363,-1.9971,-1.4985,-1.9363,-2.0825,-1.5597,-1.9363,-2.213,-1.7176,-2.3191,-2.3504,-1.8074,-2.3191,-2.3937,-1.9392,-2.3191,-2.4654,-1.9976,-2.3191,-2.4411,-1.9961,-2.3968,-2.4818,-1.962,-2.3968,-2.4546,-1.9254,-2.3968,-2.5094,-1.9767,-2.3968,-2.4833,-1.9835,-2.4536,-2.5085,-1.9798,-2.4536,-2.4689,-2.0153,-2.4536,-2.4752,-2.0053,-2.4536,-2.3982,-1.9393,-2.4297,-2.3768,-1.9336,-2.4297,-2.3082,-1.8723,-2.4297,-2.259,-1.827,-2.4297,-2.1688,-1.7215,-2.0829,-2.0578,-1.6532,-2.0829,-1.9688,-1.5705,-2.0829,-1.8738,-1.452,-2.0829,-1.7768,-1.4014,-1.4998,-1.6678,-1.2739,-1.4998,-1.4773,-1.1302,-1.4998,-1.3222,-1.0483,-1.4998,-1.1635,-0.8765,-0.8778,-0.9438,-0.763,-0.8778,-0.7873,-0.6085,-0.8778,-0.6202,-0.5143,-0.8778,-0.4501,-0.4049,-0.3635,-0.3198,-0.3343,-0.3635,-0.1894,-0.2178,-0.3635,-0.0725,-0.1773,-0.3635,-0.0051,-0.1397,-0.1422,0.0012,-0.1186,-0.1422,-0.0209,-0.1281,-0.1422,-0.03,-0.1774,-0.1422,-0.0697,-0.1983,-0.1901,-0.0956,-0.2128,-0.1901,-0.1027,-0.2315,-0.1901,-0.1642,-0.2853,-0.1901,-0.2005,-0.3525,-0.3755,-0.2694,-0.4002,-0.3755,-0.3158,-0.4679,-0.3755,-0.3918,-0.5148,-0.3755,-0.4508,-0.6015,-0.6147,-0.4971,-0.6398,-0.6147,-0.5509,-0.6746,-0.6147
2025-07-23,-0.5894,-0.6823,-0.6147,-0.6312,-0.7027,-0.7403,-0.7153,-0.742,-0.7403,-0.7571,-0.7881,-0.7403,-0.7591,-0.8155,-0.7403,-0.7882,-0.8374,-0.833,-0.8072,-0.8515,-0.833,-0.8347,-0.8722,-0.833,-0.8447,-0.891,-0.833,-0.8526,-0.9003,-0.8778,-0.8596,-0.9158,-0.8778,-0.8327,-0.9127,-0.8778,-0.8629,-0.9242,-0.8778,-0.8482,-0.9249,-0.8868,-0.852,-0.9169,-0.8868,-0.8682,-0.9231,-0.8868,-0.8726,-0.9258,-0.8868,-0.8787,-0.9172,-0.8569,-0.832,-0.9236,-0.8569,-0.8254,-0.8954,-0.8569,-0.8022,-0.8706,-0.8569,-0.7497,-0.8185,-0.7223,-0.7265,-0.7845,-0.7223,-0.6986,-0.7406,-0.7223,-0.6439,-0.676,-0.7223,-0.5569,-0.6155,-0.522,-0.5068,-0.5893,-0.522,-0.539,-0.5669,-0.522,-0.5359,-0.5524,-0.522,-0.4946,-0.488,-0.4144,-0.521,-0.4832,-0.4144,-0.4295,-0.4844,-0.4144,-0.541,-0.49,-0.4144,-0.5964,-0.4807,-0.6296,-0.6908,-0.5939,-0.6296,-0.6872,-0.6705,-0.6296,-0.855,-0.8274,-0.6296,-0.9839,-0.9308,-1.0871,-1.1216,-1.0494,-1.0871,-1.2154,-1.1307,-1.0871,-1.3636,-1.245,-1.0871,-1.4484,-1.2415,-1.5087,-1.562,-1.2432,-1.5087,-1.6801,-1.3858,-1.5087,-1.7943,-1.4866,-1.5087,-1.8803,-1.5757,-1.8317,-1.9567,-1.5495,-1.8317,-1.9885,-1.5645,-1.8317,-1.9988,-1.6162,-1.8317,-2.1505,-1.8039,-2.1995,-2.2544,-1.8992,-2.1995,-2.2719,-1.9307,-2.1995,-2.2185,-1.9139,-2.1995,-2.1204,-1.8835,-2.2234,-2.1521,-1.9023,-2.2234,-2.2256,-1.9382,-2.2234,-2.0603,-1.9755,-2.2234,-2.1476,-1.973,-2.2264,-2.2155,-1.9292,-2.2264,-2.1751,-1.9844,-2.2264,-1.6749,-1.9616,-2.2264,-1.1605,-1.9418,-1.8407,-0.8119,-1.8475,-1.8407,-0.8399,-1.8014,-1.8407,-0.9775,-1.7173,-1.8407,-0.9356,-1.5885,-1.4489,-0.9226,-1.5188,-1.4489,-0.7357,-1.4892,-1.4489,-0.8034,-1.3767,-1.4489,-0.8042,-1.2891,-0.9645,-0.7098,-1.1642,-0.9645,-0.6486,-1.0588,-0.9645,-0.8811,-0.912,-0.9645,-0.5369,-0.706,-0.4472,-0.2877,-0.6061,-0.4472,-0.1909,-0.4491,-0.4472,-0.0406,-0.3888,-0.4472,0.0734,-0.3502,-0.1452,0.0647,-0.266,-0.1452,0.0126,-0.1666,-0.1452,0.0398,-0.142,-0.1452,0.0884,-0.1231,-0.0615,0.0854,-0.1118,-0.0615,0.0467,-0.1182,-0.0615,0.0005,-0.1685,-0.0615,-0.0021,-0.1848,-0.1333,-0.0588,-0.1989,-0.1333,-0.0785,-0.2178,-0.1333,-0.1376,-0.2367,-0.1333,-0.232,-0.3113,-0.3276,-0.2729,-0.3647,-0.3276,-0.3538,-0.4464,-0.3276,-0.4348,-0.4896,-0.3276,-0.45,-0.5685,-0.5609,-0.5345,-0.6012,-0.5609,-0.5855,-0.6539,-0.5609
2025-07-24,-0.6165,-0.6543,-0.5609,-0.6592,-0.686,-0.7373,-0.6842,-0.7288,-0.7373,-0.7257,-0.7804,-0.7373,-0.7544,-0.7921,-0.7373,-0.7678,-0.814,-0.824,-0.7891,-0.8273,-0.824,-0.8161,-0.873,-0.824,-0.8468,-0.8771,-0.824,-0.8537,-0.8971,-0.8988,-0.8303,-0.9091,-0.8988,-0.8419,-0.9041,-0.8988,-0.8436,-0.9169,-0.8988,-0.8407,-0.9149,-0.9047,-0.8363,-0.9144,-0.9047,-0.8416,-0.9139,-0.9047,-0.8712,-0.9061,-0.9047,-0.8463,-0.8955,-0.8868,-0.8328,-0.8968,-0.8868,-0.8227,-0.8852,-0.8868,-0.7948,-0.8578,-0.8868,-0.7443,-0.8233,-0.7403,-0.693,-0.7942,-0.7403,-0.6712,-0.7465,-0.7403,-0.5945,-0.6941,-0.7403,-0.5048,-0.6311,-0.5041,-0.4757,-0.6284,-0.5041,-0.4297,-0.6136,-0.5041,-0.4033,-0.5967,-0.5041,-0.3481,-0.54,-0.3037,-0.3503,-0.5288,-0.3037,-0.2682,-0.5172,-0.3037,-0.1937,-0.4864,-0.3037,-0.3135,-0.4683,-0.3665,-0.4189,-0.4565,-0.3665,-0.4662,-0.4984,-0.3665,-0.6934,-0.5488,-0.3665,-0.6652,-0.5431,-0.5908,-0.5453,-0.6318,-0.5908,-0.7752,-0.6564,-0.5908,-0.9816,-0.6196,-0.5908,-0.8044,-0.6404,-0.9197,-1.018,-0.6232,-0.9197,-1.3483,-0.7144,-0.9197,-1.45,-0.8292,-0.9197,-1.6508,-1.0087,-1.2217,-1.8486,-0.9964,-1.2217,-1.5829,-0.981,-1.2217,-1.6265,-1.0977,-1.2217,-1.9799,-1.2333,-1.6971,-1.8229,-1.4414,-1.6971,-1.4064,-1.5082,-1.6971,-1.4962,-1.5065,-1.6971,-1.4755,-1.3575,-1.8466,-0.8743,-1.4108,-1.8466,-0.8167,-1.4964,-1.8466,-1.3289,-1.5086,-1.8466,-1.6734,-1.5489,-1.8018,-1.462,-1.6391,-1.8018,-1.3511,-1.4545,-1.8018,-2.0661,-1.3199,-1.8018,-1.8228,-1.2869,-1.748,-1.594,-1.2549,-1.748,-1.1906,-1.1658,-1.748,-0.8413,-1.118,-1.748,-1.3282,-0.8705,-1.3772,-1.4381,-0.9269,-1.3772,-0.7597,-0.82,-1.3772,-0.3053,-0.812,-1.3772,-0.3956,-0.8036,-0.9227,-0.4392,-0.7675,-0.9227,-0.3963,-0.7556,-0.9227,-0.4835,-0.6126,-0.9227,-0.2746,-0.5576,-0.4054,0.0007,-0.4292,-0.4054,0.0875,-0.3616,-0.4054,-0.0775,-0.2967,-0.4054,0.0593,-0.2504,-0.1393,0.1145,-0.1628,-0.1393,0.0886,-0.1107,-0.1393,0.0624,-0.1049,-0.1393,0.043,-0.0965,-0.0525,0.0979,-0.0876,-0.0525,0.0779,-0.1061,-0.0525,0.0575,-0.1462,-0.0525,0.0076,-0.1803,-0.1422,-0.0262,-0.2056,-0.1422,-0.0902,-0.2265,-0.1422,-0.112,-0.2522,-0.1422,-0.1862,-0.3111,-0.3486,-0.2654,-0.3745,-0.3486,-0.3507,-0.4436,-0.3486,-0.393,-0.4894,-0.3486,-0.4666,-0.5715,-0.5758,-0.5339,-0.6016,-0.5758,-0.5422,-0.6456,-0.5758
2025-07-25,-0.5929,-0.6697,-0.5758,-0.6252,-0.6898,-0.7283,-0.6813,-0.7452,-0.7283,-0.7017,-0.7764,-0.7283,-0.7269,-0.7962,-0.7283,-0.7409,-0.816,-0.818,-0.7881,-0.8264,-0.818,-0.7821,-0.8542,-0.818,-0.7842,-0.8768,-0.818,-0.8091,-0.8894,-0.8599,-0.8171,-0.9016,-0.8599,-0.8363,-0.8944,-0.8599,-0.8452,-0.9099,-0.8599,-0.811,-0.9178,-0.8718,-0.8631,-0.9208,-0.8718,-0.836,-0.91,-0.8718,-0.8509,-0.9241,-0.8718,-0.8204,-0.8921,-0.8419,-0.8097,-0.9061,-0.8419,-0.8007,-0.8863,-0.8419,-0.8051,-0.8614,-0.8419,-0.7216,-0.8132,-0.7104,-0.6914,-0.7986,-0.7104,-0.6459,-0.7537,-0.7104,-0.6235,-0.6954,-0.7104,-0.5297,-0.6312,-0.5011,-0.4971,-0.6004,-0.5011,-0.4263,-0.542,-0.5011,-0.4027,-0.4864,-0.5011,-0.3216,-0.4137,-0.3516,-0.2871,-0.398,-0.3516,-0.2705,-0.3839,-0.3516,-0.251,-0.3878,-0.3516,-0.298,-0.3696,-0.4891,-0.3468,-0.3926,-0.4891,-0.5519,-0.4181,-0.4891,-0.6166,-0.4713,-0.4891,-0.6971,-0.4955,-0.8419,-0.9487,-0.5463,-0.8419,-1.1126,-0.5101,-0.8419,-1.1986,-0.4968,-0.8419,-1.332,-0.5407,-1.2366,-1.3216,-0.5839,-1.2366,-1.1549,-0.6461,-1.2366,-1.1216,-0.8229,-1.2366,-1.1821,-1.0499,-1.6014,-1.2219,-1.0089,-1.6014,-1.3201,-0.9847,-1.6014,-1.5178,-1.1511,-1.6014,-1.3404,-1.2643,-1.9423,-1.6026,-1.5083,-1.9423,-1.8736,-1.596,-1.9423,-1.8208,-1.6542,-1.9423,-1.9404,-1.4829,-1.9812,-2.2655,-1.4277,-1.9812,-2.3108,-1.4034,-1.9812,-2.0829,-1.367,-1.9812,-1.4361,-1.4162,-1.9902,-1.3202,-1.5051,-1.9902,-1.3038,-1.3557,-1.9902,-1.4888,-1.3512,-1.9902,-1.719,-1.4277,-1.6343,-1.9271,-1.4072,-1.6343,-1.6065,-1.2027,-1.6343,-1.2855,-1.1811,-1.6343,-1.1622,-1.1768,-1.1709,-1.3406,-1.1364,-1.1709,-1.5583,-1.0501,-1.1709,-1.4405,-1.016,-1.1709,-1.0611,-0.9958,-0.6805,-0.7876,-0.9619,-0.6805,-0.5563,-0.8593,-0.6805,-0.3913,-0.7682,-0.6805,-0.2128,-0.5595,-0.2858,-0.0558,-0.4663,-0.2858,0.0617,-0.3987,-0.2858,0.0724,-0.3222,-0.2858,0.0106,-0.2594,-0.0765,-0.0957,-0.2233,-0.0765,-0.1447,-0.0956,-0.0765,-0.1502,-0.0676,-0.0765,-0.1169,-0.0732,-0.0286,-0.0472,-0.0779,-0.0286,0.0091,-0.105,-0.0286,-0.0096,-0.1363,-0.0286,-0.0165,-0.1688,-0.1303,-0.055,-0.1814,-0.1303,-0.1012,-0.2168,-0.1303,-0.1496,-0.2653,-0.1303,-0.2119,-0.3171,-0.3276,-0.2514,-0.3849,-0.3276,-0.3336,-0.4367,-0.3276,-0.3636,-0.4854,-0.3276,-0.4535,-0.5578,-0.5399,-0.4467,-0.5912,-0.5399,-0.5116,-0.633,-0.5399
2025-07-26,-0.5201,-0.6085,-0.5399,-0.535,-0.6371,-0.6865,-0.5731,-0.6778,-0.6865,-0.6424,-0.7357,-0.6865,-0.6541,-0.7433,-0.6865,-0.6975,-0.7687,-0.8031,-0.7285,-0.7742,-0.8031,-0.7524,-0.8331,-0.8031,-0.7912,-0.8582,-0.8031,-0.8,-0.8835,-0.8898,-0.81,-0.8959,-0.8898,-0.8316,-0.8939,-0.8898,-0.8206,-0.9104,-0.8898,-0.8399,-0.9074,-0.9047,-0.8686,-0.9047,-0.9047,-0.8381,-0.901,-0.9047,-0.8373,-0.9232,-0.9047,-0.8519,-0.89,-0.8928,-0.8531,-0.8947,-0.8928,-0.8225,-0.8742,-0.8928,-0.8021,-0.87,-0.8928,-0.778,-0.8455,-0.812,-0.7787,-0.8289,-0.812,-0.7474,-0.8132,-0.812,-0.7109,-0.7955,-0.812,-0.6804,-0.779,-0.7403,-0.6993,-0.7762,-0.7403,-0.6798,-0.782,-0.7403,-0.6955,-0.8063,-0.7403,-0.7016,-0.8032,-0.7582,-0.7504,-0.7839,-0.7582,-0.6934,-0.7586,-0.7582,-0.5165,-0.7584,-0.7582,-0.4247,-0.7714,-0.8061,-0.4326,-0.8107,-0.8061,-0.3808,-0.8099,-0.8061,-0.3562,-0.8336,-0.8061,-0.2955,-0.8861,-0.9346,-0.3197,-0.9231,-0.9346,-0.3281,-0.9356,-0.9346,-0.5588,-0.8482,-0.9346,-0.7046,-0.9488,-0.9735,-0.9063,-1.1066,-0.9735,-0.6228,-1.0672,-0.9735,-0.6301,-1.0742,-0.9735,-0.6849,-1.2211,-0.9705,-0.7184,-1.1547,-0.9705,-0.545,-1.0536,-0.9705,-0.4778,-1.2413,-0.9705,-0.3186,-1.2394,-1.2097,-0.2453,-1.3945,-1.2097,-0.4688,-1.4254,-1.2097,-0.6086,-1.476,-1.2097,-0.6959,-1.3597,-1.3473,-0.6939,-1.3355,-1.3473,-0.5403,-1.5413,-1.3473,-0.6569,-1.5965,-1.3473,-0.75,-1.726,-1.6343,-0.9898,-1.8106,-1.6343,-1.251,-1.682,-1.6343,-1.1519,-1.6185,-1.6343,-1.0053,-1.6546,-1.9094,-0.7871,-1.6886,-1.9094,-0.6971,-1.4444,-1.9094,-0.8945,-1.5308,-1.9094,-0.6077,-1.5302,-1.8287,-0.619,-1.3984,-1.8287,-0.9689,-1.3582,-1.8287,-0.9111,-1.3197,-1.8287,-0.7722,-1.2731,-1.3772,-0.6918,-1.1937,-1.3772,-0.6153,-1.09,-1.3772,-0.6537,-1.0792,-1.3772,-0.5943,-0.8883,-0.6924,-0.4553,-0.7866,-0.6924,-0.2869,-0.6948,-0.6924,-0.2122,-0.5712,-0.6924,-0.0501,-0.5043,-0.2499,0.0143,-0.3988,-0.2499,-0.0138,-0.3369,-0.2499,-0.0348,-0.3042,-0.2499,-0.0324,-0.2714,-0.202,-0.0608,-0.2458,-0.202,-0.1214,-0.2408,-0.202,-0.1249,-0.2788,-0.202,-0.1527,-0.2518,-0.2648,-0.1801,-0.2696,-0.2648,-0.2278,-0.2921,-0.2648,-0.3038,-0.3504,-0.2648,-0.3519,-0.4034,-0.4233,-0.3967,-0.4515,-0.4233,-0.4438,-0.4989,-0.4233,-0.495,-0.5348,-0.4233,-0.5342,-0.5965,-0.6207,-0.6025,-0.6351,-0.6207,-0.6155,-0.6758,-0.6207
2025-07-27,-0.6495,-0.6579,-0.6207,-0.6761,-0.6951,-0.7672,-0.7235,-0.7275,-0.7672,-0.76,-0.7681,-0.7672,-0.788,-0.7814,-0.7672,-0.8145,-0.8127,-0.8778,-0.8405,-0.8182,-0.8778,-0.8495,-0.8628,-0.8778,-0.8807,-0.875,-0.8778,-0.9003,-0.8963,-0.9406,-0.9008,-0.9134,-0.9406,-0.9167,-0.8971,-0.9406,-0.9201,-0.9257,-0.9406,-0.9269,-0.9264,-0.9526,-0.9252,-0.9339,-0.9526,-0.9346,-0.9212,-0.9526,-0.9152,-0.9418,-0.9526,-0.9268,-0.9235,-0.9376,-0.9156,-0.9149,-0.9376,-0.9094,-0.9112,-0.9376,-0.9047,-0.9154,-0.9376,-0.8793,-0.8968,-0.8808,-0.8479,-0.8986,-0.8808,-0.8424,-0.8828,-0.8808,-0.8186,-0.8824,-0.8808,-0.8402,-0.868,-0.8689,-0.8424,-0.9023,-0.8689,-0.8668,-0.8827,-0.8689,-0.9193,-0.8984,-0.8689,-0.967,-0.8743,-0.9974,-1.0818,-0.9072,-0.9974,-0.987,-0.8893,-0.9974,-0.9188,-0.8816,-0.9974,-1.0757,-0.9252,-1.114,-1.1305,-1.0049,-1.114,-0.9962,-1.0295,-1.114,-1.2163,-1.0623,-1.114,-1.3156,-1.1949,-1.3204,-1.4678,-1.2332,-1.3204,-1.5574,-1.2681,-1.3204,-1.4398,-1.2426,-1.3204,-1.5863,-1.2442,-1.5147,-1.8682,-1.3158,-1.5147,-1.3476,-1.3212,-1.5147,-1.0212,-1.464,-1.5147,-1.6183,-1.4917,-1.8407,-2.0188,-1.4871,-1.8407,-1.4899,-1.3866,-1.8407,-1.1208,-1.4745,-1.8407,-1.4718,-1.4392,-2.1307,-2.1044,-1.6163,-2.1307,-2.217,-1.6527,-2.1307,-1.8752,-1.5428,-2.1307,-2.2464,-1.4104,-2.1815,-2.7056,-1.4139,-2.1815,-2.831,-1.3704,-2.1815,-2.7354,-1.4493,-2.1815,-2.7277,-1.5385,-2.1247,-2.5917,-1.6057,-2.1247,-2.7595,-1.577,-2.1247,-2.8182,-1.7254,-2.1247,-2.6044,-1.5127,-1.8197,-2.0176,-1.5235,-1.8197,-1.6319,-1.3186,-1.8197,-1.3993,-1.4559,-1.8197,-1.538,-1.3781,-1.4549,-1.5701,-1.2279,-1.4549,-1.6878,-1.2146,-1.4549,-1.6123,-1.1096,-1.4549,-1.5331,-1.0328,-0.9107,-1.2854,-1.0824,-0.9107,-0.8822,-0.9147,-0.9107,-0.4363,-0.9915,-0.9107,-0.264,-0.853,-0.3366,-0.168,-0.7658,-0.3366,-0.0878,-0.6483,-0.3366,-0.028,-0.6019,-0.3366,-0.0155,-0.4766,-0.0645,-0.0431,-0.4464,-0.0645,-0.0556,-0.3785,-0.0645,-0.1291,-0.3215,-0.0645,-0.1699,-0.2993,-0.217,-0.1688,-0.2293,-0.217,-0.2011,-0.2336,-0.217,-0.2181,-0.2785,-0.217,-0.2552,-0.2845,-0.3246,-0.2554,-0.3207,-0.3246,-0.3025,-0.3063,-0.3246,-0.344,-0.3653,-0.3246,-0.399,-0.4427,-0.522,-0.4787,-0.4942,-0.522,-0.5371,-0.5675,-0.522,-0.5822,-0.5992,-0.522,-0.6499,-0.6735,-0.7223,-0.6907,-0.7135,-0.7223,-0.7217,-0.7607,-0.7223
2025-07-28,-0.7537,-0.7451,-0.7223,-0.7769,-0.7647,-0.8419,-0.8084,-0.8103,-0.8419,-0.8506,-0.838,-0.8419,-0.8633,-0.8554,-0.8419,-0.8874,-0.8893,-0.9197,-0.8889,-0.8901,-0.9197,-0.9309,-0.9228,-0.9197,-0.9571,-0.9376,-0.9197,-0.949,-0.9309,-0.9645,-0.9671,-0.9409,-0.9645,-0.9724,-0.9356,-0.9645,-0.9695,-0.9515,-0.9645,-0.972,-0.935,-0.9645,-0.9698,-0.9506,-0.9645,-0.9771,-0.9266,-0.9645,-0.9701,-0.9189,-0.9645,-0.9342,-0.9196,-0.9197,-0.9423,-0.9091,-0.9197,-0.9341,-0.904,-0.9197,-0.8985,-0.874,-0.9197,-0.8577,-0.8356,-0.7582,-0.8162,-0.8005,-0.7582,-0.7642,-0.7441,-0.7582,-0.7071,-0.6805,-0.7582,-0.6214,-0.5594,-0.4712,-0.5873,-0.5501,-0.4712,-0.5154,-0.4858,-0.4712,-0.4856,-0.455,-0.4712,-0.3312,-0.3303,-0.1781,-0.3448,-0.2748,-0.1781,-0.3201,-0.2234,-0.1781,-0.31,-0.2063,-0.1781,-0.2408,-0.1974,-0.1572,-0.2386,-0.2413,-0.1572,-0.2331,-0.2364,-0.1572,-0.4131,-0.2622,-0.1572,-0.3552,-0.2484,-0.2858,-0.207,-0.2869,-0.2858,-0.5007,-0.2552,-0.2858,-0.4787,-0.4054,-0.2858,-0.5105,-0.3983,-0.6027,-0.585,-0.4902,-0.6027,-0.6905,-0.4885,-0.6027,-1.0763,-0.5521,-0.6027,-0.8003,-0.5833,-0.821,-1.0318,-0.636,-0.821,-1.3322,-0.6227,-0.821,-1.1625,-0.8459,-0.821,-1.7257,-0.9098,-1.2845,-1.848,-1.0678,-1.2845,-1.7941,-1.1265,-1.2845,-1.4814,-1.15,-1.2845,-0.9333,-1.0706,-1.5416,-0.8923,-1.0914,-1.5416,-1.1068,-1.0879,-1.5416,-1.9155,-1.068,-1.5416,-1.8275,-1.0711,-1.6971,-1.4963,-1.1893,-1.6971,-1.1002,-1.2563,-1.6971,-1.2541,-1.3142,-1.6971,-1.1417,-1.4333,-1.5506,-1.2847,-1.4755,-1.5506,-1.62,-1.2875,-1.5506,-1.4192,-1.2421,-1.5506,-1.3911,-1.2214,-1.2994,-1.2536,-1.1359,-1.2994,-1.3999,-1.122,-1.2994,-1.4512,-1.1307,-1.2994,-1.3001,-0.9766,-0.8659,-1.1236,-0.9038,-0.8659,-0.9041,-0.8002,-0.8659,-0.9385,-0.743,-0.8659,-0.8465,-0.572,-0.3456,-0.6554,-0.4253,-0.3456,-0.4791,-0.2359,-0.3456,-0.2526,-0.2335,-0.3456,-0.1489,-0.1737,-0.0496,-0.1016,-0.1041,-0.0496,-0.088,-0.0338,-0.0496,-0.083,-0.0571,-0.0496,-0.02,-0.0369,-0.0316,-0.0386,-0.0466,-0.0316,-0.0335,-0.0659,-0.0316,-0.0543,-0.0861,-0.0316,-0.0834,-0.1261,-0.1602,-0.0943,-0.1559,-0.1602,-0.1424,-0.1902,-0.1602,-0.201,-0.2142,-0.1602,-0.2689,-0.3083,-0.3934,-0.315,-0.3491,-0.3934,-0.3917,-0.4155,-0.3934,-0.4467,-0.4539,-0.3934,-0.5199,-0.5331,-0.6356,-0.5584,-0.5923,-0.6356,-0.6196,-0.6359,-0.6356
2025-07-29,-0.6474,-0.7088,-0.6356,-0.6635,-0.7363,-0.8001,-0.706,-0.7934,-0.8001,-0.7692,-0.8056,-0.8001,-0.7817,-0.8405,-0.8001,-0.8145,-0.8648,-0.8928,-0.8473,-0.8877,-0.8928,-0.8464,-0.8955,-0.8928,-0.8683,-0.921,-0.8928,-0.8885,-0.9286,-0.9047,-0.8591,-0.9338,-0.9047,-0.8631,-0.932,-0.9047,-0.8778,-0.9275,-0.9047,-0.8652,-0.9329,-0.8958,-0.9106,-0.9419,-0.8958,-0.88,-0.9332,-0.8958,-0.8587,-0.9406,-0.8958,-0.8668,-0.9385,-0.8539,-0.8614,-0.9124,-0.8539,-0.8329,-0.9019,-0.8539,-0.7803,-0.8895,-0.8539,-0.7566,-0.8055,-0.7074,-0.7296,-0.8054,-0.7074,-0.6637,-0.7739,-0.7074,-0.6197,-0.6856,-0.7074,-0.5694,-0.6289,-0.4771,-0.5414,-0.574,-0.4771,-0.5044,-0.5275,-0.4771,-0.5167,-0.4806,-0.4771,-0.4138,-0.4271,-0.3605,-0.3921,-0.4854,-0.3605,-0.4176,-0.495,-0.3605,-0.4239,-0.5055,-0.3605,-0.4848,-0.5946,-0.5878,-0.6281,-0.6421,-0.5878,-0.7349,-0.7099,-0.5878,-0.8911,-0.7782,-0.5878,-0.9429,-0.9527,-1.0841,-1.1019,-1.0818,-1.0841,-1.211,-1.1805,-1.0841,-1.3936,-1.2291,-1.0841,-1.5309,-1.3301,-1.6284,-1.6189,-1.3392,-1.6284,-1.7598,-1.3798,-1.6284,-1.7783,-1.5182,-1.6284,-1.8825,-1.5619,-1.9692,-1.9633,-1.584,-1.9692,-1.9965,-1.6503,-1.9692,-2.0626,-1.6361,-1.9692,-2.1871,-1.7314,-2.4207,-2.3247,-1.8225,-2.4207,-2.4154,-1.9607,-2.4207,-2.4216,-2.0225,-2.4207,-2.4102,-2.0158,-2.5254,-2.4844,-1.964,-2.5254,-2.5075,-1.8825,-2.5254,-2.4622,-1.8509,-2.5254,-2.4504,-1.8509,-2.4895,-2.423,-1.8728,-2.4895,-2.3741,-1.9784,-2.4895,-2.3628,-1.9823,-2.4895,-2.3682,-1.9782,-2.3191,-2.3474,-1.9106,-2.3191,-2.2,-1.9485,-2.3191,-2.0547,-1.8388,-2.3191,-1.9957,-1.7543,-2.0021,-1.9776,-1.7059,-2.0021,-1.9331,-1.6496,-2.0021,-1.868,-1.5412,-2.0021,-1.6625,-1.4326,-1.4579,-1.4312,-1.3297,-1.4579,-1.2856,-1.2044,-1.4579,-1.0648,-1.1232,-1.4579,-0.8711,-0.968,-0.7283,-0.7299,-0.8452,-0.7283,-0.6232,-0.7459,-0.7283,-0.5852,-0.624,-0.7283,-0.482,-0.5121,-0.229,-0.3451,-0.393,-0.229,-0.1917,-0.2914,-0.229,-0.1495,-0.2411,-0.229,-0.1491,-0.1853,-0.0914,-0.1518,-0.1647,-0.0914,-0.1817,-0.1784,-0.0914,-0.1591,-0.1919,-0.0914,-0.1774,-0.2068,-0.1871,-0.2154,-0.2185,-0.1871,-0.2213,-0.2481,-0.1871,-0.294,-0.3011,-0.1871,-0.3545,-0.3712,-0.4024,-0.4084,-0.428,-0.4024,-0.4531,-0.4864,-0.4024,-0.5227,-0.5424,-0.4024,-0.6266,-0.6182,-0.6446,-0.6522,-0.6574,-0.6446,-0.7164,-0.7141,-0.6446
2025-07-30,-0.7577,-0.6887,-0.6446,-0.7728,-0.7099,-0.7881,-0.825,-0.7508,-0.7881,-0.8819,-0.7933,-0.7881,-0.9009,-0.8186,-0.7881,-0.9356,-0.8432,-0.8868,-0.9514,-0.862,-0.8868,-0.949,-0.8889,-0.8868,-0.9693,-0.8988,-0.8868,-0.942,-0.9195,-0.9376,-0.9301,-0.9242,-0.9376,-0.9076,-0.9156,-0.9376,-0.9245,-0.9232,-0.9376,-0.887,-0.9317,-0.9287,-0.904,-0.9187,-0.9287,-0.8869,-0.9342,-0.9287,-0.8933,-0.9366,-0.9287,-0.8923,-0.9199,-0.8838,-0.8497,-0.9226,-0.8838,-0.86,-0.8857,-0.8838,-0.8197,-0.8779,-0.8838,-0.7561,-0.8147,-0.7373,-0.7151,-0.7874,-0.7373,-0.6824,-0.7376,-0.7373,-0.6211,-0.6647,-0.7373,-0.5679,-0.5816,-0.513,-0.5458,-0.579,-0.513,-0.5036,-0.5638,-0.513,-0.4817,-0.5713,-0.513,-0.4415,-0.5051,-0.3815,-0.4188,-0.5504,-0.3815,-0.5817,-0.5074,-0.3815,-0.6121,-0.534,-0.3815,-0.7091,-0.5632,-0.5698,-0.6257,-0.6226,-0.5698,-0.5568,-0.7322,-0.5698,-0.8,-0.8577,-0.5698,-0.9359,-0.9811,-1.0812,-0.8633,-1.0553,-1.0812,-0.9936,-1.091,-1.0812,-1.3005,-1.1493,-1.0812,-1.5033,-1.1293,-1.4908,-1.6237,-1.2024,-1.4908,-1.7529,-1.3006,-1.4908,-1.9302,-1.3689,-1.4908,-2.0006,-1.4057,-1.724,-2.1234,-1.4052,-1.724,-2.1634,-1.3892,-1.724,-2.2365,-1.4583,-1.724,-2.3542,-1.5389,-2.0111,-2.422,-1.7666,-2.0111,-2.5024,-1.7456,-2.0111,-2.5448,-1.8318,-2.0111,-2.337,-1.7927,-1.9363,-2.0825,-1.7772,-1.9363,-2.3203,-1.7732,-1.9363,-2.5985,-1.8107,-1.9363,-2.4899,-1.7849,-1.9034,-2.4278,-1.7736,-1.9034,-2.2498,-1.6941,-1.9034,-2.3324,-1.6326,-1.9034,-2.4598,-1.6296,-1.6493,-2.3168,-1.6893,-1.6493,-2.0326,-1.6378,-1.6493,-1.7449,-1.6198,-1.6493,-1.5005,-1.5301,-1.3234,-1.2298,-1.5029,-1.3234,-0.8762,-1.3879,-1.3234,-0.6727,-1.3503,-1.3234,-0.688,-1.2974,-0.9346,-0.7193,-1.194,-0.9346,-0.6945,-1.0884,-0.9346,-0.5646,-0.9105,-0.9346,-0.6017,-0.7461,-0.4173,-0.5301,-0.659,-0.4173,-0.3781,-0.5346,-0.4173,-0.2837,-0.3916,-0.4173,-0.3477,-0.3517,-0.1153,-0.2617,-0.2501,-0.1153,-0.2108,-0.1672,-0.1153,-0.158,-0.112,-0.1153,-0.1629,-0.1103,-0.0615,-0.1377,-0.1049,-0.0615,-0.1572,-0.1057,-0.0615,-0.1516,-0.1633,-0.0615,-0.191,-0.1818,-0.1572,-0.1944,-0.1994,-0.1572,-0.2363,-0.2223,-0.1572,-0.2767,-0.2546,-0.1572,-0.3475,-0.3221,-0.3785,-0.399,-0.3875,-0.3785,-0.4529,-0.4528,-0.3785,-0.4981,-0.4985,-0.3785,-0.5883,-0.5712,-0.6177,-0.6553,-0.6081,-0.6177,-0.6873,-0.6728,-0.6177
2025-07-31,-0.7373,-0.7063,-0.6177,-0.75,-0.7253,-0.7851,-0.803,-0.7807,-0.7851,-0.8396,-0.8043,-0.7851,-0.8583,-0.8275,-0.7851,-0.9056,-0.8612,-0.8659,-0.8943,-0.8732,-0.8659,-0.9287,-0.8956,-0.8659,-0.9474,-0.9181,-0.8659,-0.9415,-0.9234,-0.9197,-0.9677,-0.9328,-0.9197,-0.9797,-0.9417,-0.9197,-0.9798,-0.9387,-0.9197,-0.9722,-0.934,-0.9227,-0.9572,-0.9376,-0.9227,-0.9791,-0.9393,-0.9227,-0.9814,-0.9249,-0.9227,-0.9526,-0.9152,-0.8868,-0.9687,-0.8976,-0.8868,-0.9611,-0.9017,-0.8868,-0.9508,-0.868,-0.8868,-0.8831,-0.8177,-0.7463,-0.8692,-0.7978,-0.7463,-0.7896,-0.7513,-0.7463,-0.7472,-0.6945,-0.7463,-0.683,-0.6311,-0.5399,-0.6221,-0.6208,-0.5399,-0.6013,-0.5617,-0.5399,-0.6016,-0.5452,-0.5399,-0.4919,-0.4919,-0.4323,-0.4667,-0.4847,-0.4323,-0.46,-0.4839,-0.4323,-0.4193,-0.4833,-0.4323,-0.5155,-0.509,-0.5997,-0.6005,-0.6007,-0.5997,-0.814,-0.6633,-0.5997,-0.953,-0.7209,-0.5997,-1.105,-0.9305,-0.9974,-1.2438,-0.9891,-0.9974,-1.3691,-1.0989,-0.9974,-1.5503,-1.2359,-0.9974,-1.6533,-1.202,-1.4489,-1.7351,-1.277,-1.4489,-1.894,-1.4016,-1.4489,-2.012,-1.4655,-1.4489,-2.1146,-1.566,-1.745,-2.0689,-1.6214,-1.745,-2.1208,-1.5823,-1.745,-2.2038,-1.6078,-1.745,-2.2947,-1.7574,-2.2413,-2.3562,-1.8977,-2.2413,-2.3165,-1.9348,-2.2413,-2.5287,-1.9716,-2.2413,-2.38,-1.8932,-2.3131,-2.2603,-1.8053,-2.3131,-2.3503,-1.8698,-2.3131,-2.467,-1.7985,-2.3131,-2.1699,-1.8565,-2.1755,-2.132,-1.7985,-2.1755,-2.1861,-1.8384,-2.1755,-2.3012,-1.8849,-2.1755,-2.4565,-1.9583,-2.0021,-2.4014,-1.8831,-2.0021,-2.3147,-1.7583,-2.0021,-2.145,-1.6532,-2.0021,-1.9351,-1.6056,-1.5955,-2.1187,-1.5743,-1.5955,-2.056,-1.5374,-1.5955,-1.9886,-1.4414,-1.5955,-1.888,-1.2732,-1.1738,-1.8042,-1.1842,-1.1738,-1.6008,-1.0666,-1.1738,-1.3335,-0.9899,-1.1738,-1.194,-0.8378,-0.6177,-0.9973,-0.7467,-0.6177,-0.8339,-0.5441,-0.6177,-0.685,-0.4523,-0.6177,-0.5217,-0.3507,-0.2349,-0.3714,-0.286,-0.2349,-0.2703,-0.1829,-0.2349,-0.1799,-0.1424,-0.2349,-0.1714,-0.1395,-0.1183,-0.1565,-0.1273,-0.1183,-0.1617,-0.1054,-0.1183,-0.181,-0.1616,-0.1183,-0.1993,-0.1877,-0.1901,-0.221,-0.188,-0.1901,-0.2098,-0.2324,-0.1901,-0.2643,-0.2625,-0.1901,-0.3192,-0.3315,-0.3964,-0.3618,-0.3914,-0.3964,-0.4364,-0.4599,-0.3964,-0.437,-0.4942,-0.3964,-0.5369,-0.5727,-0.6207,-0.587,-0.6256,-0.6207,-0.6248,-0.6565,-0.6207
2025-08-01,-0.6616,-0.7065,-0.6207,-0.7097,-0.7116,-0.7552,-0.7496,-0.7754,-0.7552,-0.7926,-0.7959,-0.7552,-0.8169,-0.8176,-0.7552,-0.8511,-0.8509,-0.8569,-0.886,-0.8677,-0.8569,-0.8766,-0.8935,-0.8569,-0.9346,-0.9041,-0.8569,-0.9039,-0.916,-0.9197,-0.9446,-0.9192,-0.9197,-0.9522,-0.9355,-0.9197,-0.9729,-0.9267,-0.9197,-0.9613,-0.9279,-0.9406,-0.9742,-0.935,-0.9406,-0.9507,-0.9435,-0.9406,-0.9756,-0.9229,-0.9406,-0.9515,-0.9138,-0.9227,-0.9656,-0.8917,-0.9227,-0.9484,-0.8941,-0.9227,-0.9826,-0.8674,-0.9227,-0.909,-0.8161,-0.8509,-0.9135,-0.7872,-0.8509,-0.877,-0.7675,-0.8509,-0.8524,-0.6937,-0.8509,-0.8257,-0.6466,-0.7881,-0.8599,-0.6304,-0.7881,-0.8854,-0.5938,-0.7881,-0.889,-0.5621,-0.7881,-0.872,-0.5036,-0.8449,-0.9553,-0.4789,-0.8449,-1.0712,-0.4688,-0.8449,-1.1149,-0.5036,-0.8449,-1.2529,-0.4877,-1.0154,-1.2583,-0.5818,-1.0154,-1.3113,-0.6923,-1.0154,-1.4173,-0.7901,-1.0154,-1.4829,-0.8381,-1.3293,-1.6626,-0.9094,-1.3293,-1.7959,-0.9126,-1.3293,-1.8966,-0.9469,-1.3293,-1.8901,-1.0228,-1.6014,-2.0341,-1.0834,-1.6014,-2.1167,-1.1585,-1.6014,-2.2277,-1.2461,-1.6014,-2.4083,-1.3408,-1.8855,-2.4052,-1.4172,-1.8855,-2.4666,-1.3786,-1.8855,-2.4621,-1.5484,-1.8855,-2.5024,-1.708,-2.1008,-2.6246,-1.8225,-2.1008,-2.7814,-1.8614,-2.1008,-2.9074,-1.9474,-2.1008,-2.9193,-1.9288,-2.2952,-2.9421,-1.8619,-2.2952,-2.908,-1.8982,-2.2952,-2.9624,-1.9707,-2.2952,-3.021,-2.0012,-2.328,-3.0344,-1.8986,-2.328,-2.9756,-1.8476,-2.328,-2.9856,-1.7745,-2.328,-2.9256,-1.7411,-2.1307,-2.8611,-1.7718,-2.1307,-2.7698,-1.5784,-2.1307,-2.5971,-1.517,-2.1307,-2.5349,-1.4587,-1.7749,-2.2334,-1.3728,-1.7749,-2.0187,-1.3528,-1.7749,-1.9024,-1.3553,-1.7749,-1.7774,-1.2097,-1.3084,-1.6109,-1.1525,-1.3084,-1.5541,-1.0202,-1.3084,-1.2263,-0.8739,-1.3084,-1.0312,-0.6738,-0.7104,-0.9283,-0.5337,-0.7104,-0.7413,-0.4058,-0.7104,-0.5895,-0.3602,-0.7104,-0.3775,-0.2642,-0.3157,-0.3406,-0.2309,-0.3157,-0.3154,-0.1629,-0.3157,-0.3055,-0.1249,-0.3157,-0.2866,-0.132,-0.205,-0.2787,-0.1234,-0.205,-0.2725,-0.1154,-0.205,-0.2858,-0.1694,-0.205,-0.2793,-0.1854,-0.2559,-0.3335,-0.1976,-0.2559,-0.3619,-0.2199,-0.2559,-0.3902,-0.2764,-0.2559,-0.4713,-0.3333,-0.4203,-0.5027,-0.3906,-0.4203,-0.5311,-0.4432,-0.4203,-0.5558,-0.4928,-0.4203,-0.6062,-0.5568,-0.6117,-0.6411,-0.6101,-0.6117,-0.6781,-0.6374,-0.6117
2025-08-02,-0.7106,-0.6641,-0.6117,-0.7211,-0.6727,-0.7164,-0.7487,-0.7309,-0.7164,-0.7976,-0.7662,-0.7164,-0.818,-0.7903,-0.7164,-0.8498,-0.8203,-0.8419,-0.8776,-0.8446,-0.8419,-0.9053,-0.8801,-0.8419,-0.942,-0.9048,-0.8419,-0.9377,-0.913,-1.0214,-0.9737,-0.9295,-1.0214,-0.9841,-0.9495,-1.0214,-0.9961,-0.9458,-1.0214,-0.9614,-0.9414,-1.0333,-1.006,-0.9553,-1.0333,-0.9959,-0.9501,-1.0333,-1.0179,-0.9495,-1.0333,-1.0083,-0.9351,-1.0064,-0.9993,-0.9327,-1.0064,-0.998,-0.9208,-1.0064,-0.9837,-0.9042,-1.0064,-0.9345,-0.8758,-0.9197,-0.9307,-0.8548,-0.9197,-0.8856,-0.8432,-0.9197,-0.8905,-0.8213,-0.9197,-0.8284,-0.7867,-0.8569,-0.8583,-0.7592,-0.8569,-0.8681,-0.7454,-0.8569,-0.8531,-0.7514,-0.8569,-0.8885,-0.6961,-0.836,-0.7804,-0.6486,-0.836,-0.6461,-0.6024,-0.836,-0.6031,-0.5165,-0.836,-0.5606,-0.4771,-0.7044,-0.5392,-0.5308,-0.7044,-0.4952,-0.5814,-0.7044,-0.4728,-0.5797,-0.7044,-0.4579,-0.5961,-0.7582,-0.4406,-0.6377,-0.7582,-0.4763,-0.6451,-0.7582,-0.5976,-0.6615,-0.7582,-0.5257,-0.5902,-0.9496,-0.5077,-0.6823,-0.9496,-0.7183,-0.8458,-0.9496,-0.7654,-0.9334,-0.9496,-0.7096,-0.9457,-1.2845,-0.7383,-1.0263,-1.2845,-0.9115,-1.0451,-1.2845,-0.7775,-1.1003,-1.2845,-0.7535,-1.1747,-1.6792,-1.0016,-1.3679,-1.6792,-1.5193,-1.4342,-1.6792,-2.0744,-1.4199,-1.6792,-2.3859,-1.3688,-2.1486,-2.4374,-1.2514,-2.1486,-2.5846,-1.2449,-2.1486,-2.5323,-1.395,-2.1486,-2.2041,-1.5561,-2.3221,-1.8728,-1.5137,-2.3221,-1.5755,-1.4366,-2.3221,-2.1336,-1.5064,-2.3221,-2.155,-1.6745,-2.2354,-2.1493,-1.7438,-2.2354,-1.9134,-1.6257,-2.2354,-1.7775,-1.5079,-2.2354,-1.591,-1.5454,-1.8706,-1.1352,-1.5226,-1.8706,-0.9514,-1.402,-1.8706,-1.0334,-1.2841,-1.8706,-1.0551,-1.2007,-1.4699,-0.9955,-1.1024,-1.4699,-0.98,-1.0366,-1.4699,-0.8359,-0.9863,-1.4699,-0.6676,-0.8324,-0.8928,-0.6499,-0.7768,-0.8928,-0.5674,-0.6681,-0.8928,-0.4065,-0.588,-0.8928,-0.2546,-0.4815,-0.5459,-0.194,-0.416,-0.5459,-0.1303,-0.3305,-0.5459,-0.1291,-0.32,-0.5459,-0.1535,-0.2857,-0.3815,-0.1634,-0.2277,-0.3815,-0.1665,-0.2353,-0.3815,-0.2047,-0.2615,-0.3815,-0.2449,-0.2556,-0.4233,-0.237,-0.293,-0.4233,-0.2831,-0.2846,-0.4233,-0.369,-0.3374,-0.4233,-0.4074,-0.3951,-0.5818,-0.4365,-0.4465,-0.5818,-0.4641,-0.4903,-0.5818,-0.5419,-0.5364,-0.5818,-0.6128,-0.6055,-0.7522,-0.6586,-0.6426,-0.7522,-0.7097,-0.6744,-0.7522
2025-08-03,-0.724,-0.7462,-0.7522,-0.7537,-0.7788,-0.8599,-0.7889,-0.8127,-0.8599,-0.8214,-0.84,-0.8599,-0.8375,-0.8701,-0.8599,-0.8668,-0.8977,-0.9705,-0.8832,-0.9242,-0.9705,-0.9133,-0.9436,-0.9705,-0.9305,-0.9733,-0.9705,-0.9308,-0.9718,-1.0662,-0.9516,-0.987,-1.0662,-0.944,-0.9841,-1.0662,-0.9533,-0.9894,-1.0662,-0.9448,-0.9989,-1.0752,-0.9437,-0.9969,-1.0752,-0.938,-1.0028,-1.0752,-0.9333,-1.0173,-1.0752,-0.9218,-1.0014,-1.0393,-0.9168,-0.9983,-1.0393,-0.9169,-0.9842,-1.0393,-0.9153,-0.9674,-1.0393,-0.8742,-0.9495,-0.9645,-0.8632,-0.936,-0.9645,-0.8454,-0.9303,-0.9645,-0.8103,-0.913,-0.9645,-0.8294,-0.8738,-0.9765,-0.8241,-0.8903,-0.9765,-0.8609,-0.8786,-0.9765,-0.8838,-0.9185,-0.9765,-0.959,-0.8674,-1.1649,-1.0499,-0.9196,-1.1649,-1.1628,-0.9134,-1.1649,-1.0978,-0.9238,-1.1649,-1.1733,-0.9842,-1.4759,-1.3081,-1.0217,-1.4759,-1.3943,-1.0519,-1.4759,-1.4724,-1.1466,-1.4759,-1.5876,-1.2255,-1.9453,-1.7019,-1.3528,-1.9453,-1.8009,-1.3758,-1.9453,-1.9479,-1.4751,-1.9453,-2.0481,-1.5008,-2.3759,-2.2036,-1.6073,-2.3759,-2.2942,-1.7015,-2.3759,-2.3879,-1.7762,-2.3759,-2.4568,-1.8324,-2.7078,-2.5375,-1.8116,-2.7078,-2.6369,-1.8165,-2.7078,-2.511,-1.832,-2.7078,-2.5599,-1.8955,-2.8902,-2.4373,-2.0022,-2.8902,-2.4489,-2.0724,-2.8902,-2.8423,-2.1105,-2.8902,-2.9557,-2.0316,-3.1234,-3.0053,-2.0697,-3.1234,-3.0633,-2.0426,-3.1234,-3.0628,-2.0576,-3.1234,-2.8851,-2.1305,-3.1473,-3.0241,-2.1074,-3.1473,-2.9572,-2.0486,-3.1473,-2.7299,-2.1047,-3.1473,-2.2719,-2.1045,-2.95,-2.3975,-2.0839,-2.95,-2.1189,-2.0105,-2.95,-1.6074,-1.9086,-2.95,-1.4189,-1.8537,-2.5164,-1.6055,-1.7922,-2.5164,-1.4772,-1.7118,-2.5164,-1.274,-1.6407,-2.5164,-1.047,-1.5705,-1.8735,-0.8675,-1.4263,-1.8735,-0.651,-1.3016,-1.8735,-0.5474,-1.2248,-1.8735,-0.5238,-1.0535,-1.2576,-0.5908,-0.9212,-1.2576,-0.5757,-0.8437,-1.2576,-0.4509,-0.7449,-1.2576,-0.4224,-0.6271,-0.7223,-0.3974,-0.4758,-0.7223,-0.3218,-0.4008,-0.7223,-0.2625,-0.3572,-0.7223,-0.2808,-0.3433,-0.6326,-0.2791,-0.2723,-0.6326,-0.2648,-0.2833,-0.6326,-0.2802,-0.2907,-0.6326,-0.2698,-0.2927,-0.6506,-0.3016,-0.333,-0.6506,-0.307,-0.3294,-0.6506,-0.3568,-0.3811,-0.6506,-0.4222,-0.4661,-0.7582,-0.4582,-0.5194,-0.7582,-0.53,-0.5789,-0.7582,-0.5767,-0.6026,-0.7582,-0.6559,-0.6899,-0.9047,-0.6958,-0.7238,-0.9047,-0.7427,-0.7652,-0.9047
2025-08-04,-0.7756,-0.7624,-0.9047,-0.7742,-0.7897,-1.0004,-0.8165,-0.8296,-1.0004,-0.8629,-0.8548,-1.0004,-0.8994,-0.8797,-1.0004,-0.8946,-0.9048,-1.0871,-0.96,-0.9261,-1.0871,-0.957,-0.9443,-1.0871,-0.9694,-0.9626,-1.0871,-0.9651,-0.9678,-1.1828,-0.9634,-0.9742,-1.1828,-0.989,-0.9818,-1.1828,-0.9966,-0.9785,-1.1828,-1.0,-0.9778,-1.1828,-0.9946,-0.9918,-1.1828,-0.9562,-0.9938,-1.1828,-1.0045,-0.9756,-1.1828,-0.9512,-0.985,-1.129,-0.9596,-0.9703,-1.129,-0.95,-0.9478,-1.129,-0.9568,-0.9268,-1.129,-0.9311,-0.8767,-0.9735,-0.8551,-0.8433,-0.9735,-0.8326,-0.8043,-0.9735,-0.7441,-0.7617,-0.9735,-0.6608,-0.6618,-0.7762,-0.6549,-0.644,-0.7762,-0.6085,-0.5991,-0.7762,-0.565,-0.5791,-0.7762,-0.4919,-0.5225,-0.6954,-0.689,-0.4946,-0.6954,-0.744,-0.4506,-0.6954,-0.7952,-0.4597,-0.6954,-0.889,-0.4379,-0.8599,-0.8535,-0.44,-0.8599,-0.7927,-0.5499,-0.8599,-0.9491,-0.618,-0.8599,-0.9491,-0.6826,-1.3383,-0.975,-0.7793,-1.3383,-1.0798,-0.887,-1.3383,-1.1543,-0.9667,-1.3383,-1.3015,-0.9545,-1.7838,-1.4247,-0.975,-1.7838,-1.6189,-1.1881,-1.7838,-1.6869,-1.2024,-1.7838,-1.7926,-1.2548,-1.9692,-1.9445,-1.3077,-1.9692,-1.8436,-1.2732,-1.9692,-1.6545,-1.4247,-1.9692,-1.8659,-1.5806,-2.2981,-1.7273,-1.6705,-2.2981,-1.7154,-1.755,-2.2981,-2.1347,-1.8859,-2.2981,-2.3564,-1.8319,-2.5314,-2.3756,-1.8813,-2.5314,-2.2904,-1.9526,-2.5314,-2.2916,-1.9033,-2.5314,-2.1663,-1.8612,-2.6061,-2.1701,-1.854,-2.6061,-2.3892,-1.8828,-2.6061,-2.4349,-1.8826,-2.6061,-2.5083,-1.8597,-2.4656,-2.5214,-1.8533,-2.4656,-2.397,-1.8181,-2.4656,-2.2422,-1.6932,-2.4656,-2.098,-1.6213,-2.1008,-1.9959,-1.6075,-2.1008,-2.046,-1.5657,-2.1008,-1.9173,-1.4408,-2.1008,-1.7749,-1.4083,-1.5626,-1.672,-1.2695,-1.5626,-1.5031,-1.1234,-1.5626,-1.3176,-1.0416,-1.5626,-1.1321,-0.8796,-0.9227,-0.9163,-0.7296,-0.9227,-0.752,-0.5521,-0.9227,-0.5608,-0.4678,-0.9227,-0.4334,-0.3614,-0.5369,-0.2603,-0.2715,-0.5369,-0.165,-0.1588,-0.5369,-0.0532,-0.1307,-0.5369,-0.0658,-0.1256,-0.531,-0.0725,-0.0949,-0.531,-0.0924,-0.1204,-0.531,-0.081,-0.1375,-0.531,-0.1094,-0.16,-0.6027,-0.1554,-0.2051,-0.6027,-0.1778,-0.2178,-0.6027,-0.2382,-0.2737,-0.6027,-0.2724,-0.3554,-0.6954,-0.3594,-0.4181,-0.6954,-0.4107,-0.4635,-0.6954,-0.4928,-0.513,-0.6954,-0.5594,-0.6011,-0.8838,-0.5978,-0.6326,-0.8838,-0.6775,-0.6728,-0.8838
2025-08-05,-0.689,-0.7328,-0.8838,-0.7389,-0.7477,-1.0423,-0.7701,-0.7999,-1.0423,-0.8192,-0.83,-1.0423,-0.8415,-0.8605,-1.0423,-0.8766,-0.885,-1.141,-0.88,-0.9044,-1.141,-0.8954,-0.9152,-1.141,-0.9282,-0.9511,-1.141,-0.9299,-0.9496,-1.1529,-0.9495,-0.9588,-1.1529,-0.9555,-0.9741,-1.1529,-0.9675,-0.9749,-1.1529,-0.964,-0.9727,-1.1559,-0.9683,-0.9749,-1.1559,-0.9626,-0.9764,-1.1559,-0.9531,-0.9901,-1.1559,-0.9779,-0.9681,-1.132,-0.9631,-0.9666,-1.132,-0.9506,-0.9511,-1.132,-0.9368,-0.9372,-1.132,-0.8589,-0.8785,-0.9914,-0.8424,-0.8621,-0.9914,-0.8301,-0.815,-0.9914,-0.7416,-0.7619,-0.9914,-0.7032,-0.7021,-0.836,-0.7005,-0.6837,-0.836,-0.6302,-0.65,-0.836,-0.6168,-0.6625,-0.836,-0.5808,-0.5477,-0.7193,-0.6159,-0.5482,-0.7193,-0.6742,-0.54,-0.7193,-0.5754,-0.5882,-0.7193,-0.4599,-0.5482,-0.836,-0.3722,-0.6427,-0.836,-0.3863,-0.7503,-0.836,-0.4377,-0.7623,-0.836,-0.5327,-0.862,-1.141,-0.8069,-0.9158,-1.141,-0.9352,-0.9356,-1.141,-1.1533,-1.0228,-1.141,-1.4813,-1.0573,-1.5715,-1.6951,-1.1481,-1.5715,-1.8334,-1.1857,-1.5715,-1.6553,-1.2513,-1.5715,-1.8017,-1.3653,-1.8496,-1.8649,-1.3066,-1.8496,-1.5415,-1.3249,-1.8496,-1.4879,-1.4337,-1.8496,-1.2919,-1.638,-2.2413,-1.5429,-1.7039,-2.2413,-2.0074,-1.7758,-2.2413,-2.383,-1.8516,-2.2413,-2.4274,-1.8052,-2.3639,-2.4816,-1.8376,-2.3639,-2.4597,-1.901,-2.3639,-2.5189,-1.8791,-2.3639,-2.5482,-1.8953,-2.4716,-2.4167,-1.874,-2.4716,-2.1088,-1.8375,-2.4716,-2.274,-1.8769,-2.4716,-1.9659,-1.7592,-2.2234,-2.2129,-1.7116,-2.2234,-2.207,-1.6562,-2.2234,-2.0869,-1.599,-2.2234,-2.0535,-1.4337,-1.8646,-1.8927,-1.4065,-1.8646,-1.4775,-1.3031,-1.8646,-1.1815,-1.1595,-1.8646,-0.8847,-1.0729,-1.4131,-0.5387,-0.9869,-1.4131,-0.4129,-0.9556,-1.4131,-0.3158,-0.894,-1.4131,-0.4313,-0.7467,-0.7223,-0.7016,-0.5576,-0.7223,-0.4322,-0.5282,-0.7223,-0.401,-0.4173,-0.7223,-0.38,-0.3254,-0.4981,-0.1947,-0.2753,-0.4981,-0.1282,-0.1908,-0.4981,-0.0667,-0.1663,-0.4981,-0.0636,-0.1558,-0.516,-0.0587,-0.1172,-0.516,-0.074,-0.126,-0.516,-0.0832,-0.1503,-0.516,-0.1034,-0.1986,-0.5878,-0.1211,-0.2059,-0.5878,-0.1424,-0.229,-0.5878,-0.2136,-0.2832,-0.5878,-0.2861,-0.3661,-0.6625,-0.372,-0.4202,-0.6625,-0.4143,-0.4878,-0.6625,-0.4641,-0.5105,-0.6625,-0.549,-0.5902,-0.8808,-0.5985,-0.6519,-0.8808,-0.6539,-0.7004,-0.8808
2025-08-06,-0.689,-0.6865,-0.8808,-0.7295,-0.7014,-0.9376,-0.7681,-0.7474,-0.9376,-0.7908,-0.7837,-0.9376,-0.8302,-0.8091,-0.9376,-0.8704,-0.8359,-1.0393,-0.8778,-0.8555,-1.0393,-0.9121,-0.8731,-1.0393,-0.918,-0.8916,-1.0393,-0.8979,-0.9149,-1.0094,-0.9318,-0.9211,-1.0094,-0.9373,-0.9279,-1.0094,-0.9488,-0.9222,-1.0094,-0.9457,-0.9372,-1.0064,-0.9768,-0.9265,-1.0064,-0.9827,-0.943,-1.0064,-0.9655,-0.9435,-1.0064,-0.9539,-0.9365,-0.9825,-0.9574,-0.9419,-0.9825,-0.9503,-0.9181,-0.9825,-0.9387,-0.9105,-0.9825,-0.8787,-0.8591,-0.8419,-0.8513,-0.8413,-0.8419,-0.7963,-0.7803,-0.8419,-0.7648,-0.7186,-0.8419,-0.6605,-0.6558,-0.6356,-0.669,-0.627,-0.6356,-0.6564,-0.6003,-0.6356,-0.642,-0.587,-0.6356,-0.5674,-0.4882,-0.4861,-0.5262,-0.4722,-0.4861,-0.5004,-0.4368,-0.4861,-0.4147,-0.4448,-0.4861,-0.3173,-0.4865,-0.5938,-0.4249,-0.5035,-0.5938,-0.4113,-0.6098,-0.5938,-0.5217,-0.6786,-0.5938,-0.3494,-0.6841,-0.9137,-0.7066,-0.7058,-0.9137,-0.6767,-0.7843,-0.9137,-0.5255,-0.9411,-0.9137,-1.0475,-0.9502,-1.2277,-0.6953,-1.1117,-1.2277,-0.7079,-1.2011,-1.2277,-0.9462,-1.2619,-1.2277,-1.3579,-1.3549,-1.5297,-0.9787,-1.3272,-1.5297,-1.291,-1.33,-1.5297,-1.6906,-1.3959,-1.5297,-1.7582,-1.5081,-1.9034,-1.7198,-1.7129,-1.9034,-1.9988,-1.7167,-1.9034,-2.1063,-1.8466,-1.9034,-2.1334,-1.869,-2.0021,-2.2499,-1.7261,-2.0021,-2.2853,-1.8128,-2.0021,-2.2748,-1.854,-2.0021,-2.1117,-1.7496,-2.2533,-2.0114,-1.8318,-2.2533,-1.9569,-1.7836,-2.2533,-1.7046,-1.8026,-2.2533,-1.9952,-1.778,-2.1696,-1.7676,-1.6738,-2.1696,-1.9601,-1.6629,-2.1696,-1.8519,-1.5408,-2.1696,-1.6191,-1.4647,-1.7779,-1.2329,-1.4452,-1.7779,-1.1051,-1.4164,-1.7779,-1.4892,-1.369,-1.7779,-1.4196,-1.2711,-1.2875,-1.3035,-1.2127,-1.2875,-1.334,-1.1155,-1.2875,-0.9898,-1.0441,-1.2875,-0.7729,-0.8798,-0.7373,-0.4675,-0.6996,-0.7373,-0.3497,-0.5564,-0.7373,-0.2092,-0.4249,-0.7373,-0.1808,-0.3239,-0.3844,-0.203,-0.2201,-0.3844,-0.1952,-0.1151,-0.3844,-0.1185,-0.0993,-0.3844,-0.0669,-0.087,-0.2768,-0.0435,-0.0585,-0.2768,-0.0133,-0.0818,-0.2768,-0.0108,-0.1051,-0.2768,-0.0154,-0.1394,-0.3545,-0.0602,-0.1584,-0.3545,-0.1275,-0.207,-0.3545,-0.1822,-0.2377,-0.3545,-0.2498,-0.3106,-0.5459,-0.3099,-0.367,-0.5459,-0.3762,-0.4343,-0.5459,-0.4344,-0.4802,-0.5459,-0.5106,-0.5458,-0.7373,-0.5787,-0.594,-0.7373,-0.6386,-0.6367,-0.7373
2025-08-07,-0.6778,-0.6744,-0.7373,-0.685,-0.697,-0.8449,-0.7334,-0.7454,-0.8449,-0.7911,-0.7678,-0.8449,-0.7982,-0.8072,-0.8449,-0.8421,-0.829,-0.9496,-0.855,-0.8447,-0.9496,-0.8518,-0.8676,-0.9496,-0.8911,-0.8919,-0.9496,-0.903,-0.914,-0.9197,-0.9116,-0.9187,-0.9197,-0.9283,-0.9181,-0.9197,-0.9174,-0.9272,-0.9197,-0.9145,-0.9381,-0.9346,-0.9305,-0.922,-0.9346,-0.9369,-0.9397,-0.9346,-0.9142,-0.944,-0.9346,-0.9044,-0.9285,-0.9107,-0.8844,-0.9356,-0.9107,-0.8777,-0.915,-0.9107,-0.8741,-0.8985,-0.9107,-0.8505,-0.8528,-0.7821,-0.8155,-0.8361,-0.7821,-0.7862,-0.8023,-0.7821,-0.7144,-0.733,-0.7821,-0.6363,-0.6678,-0.5668,-0.6299,-0.6316,-0.5668,-0.5956,-0.5931,-0.5668,-0.6146,-0.5656,-0.5668,-0.5537,-0.5214,-0.4114,-0.5868,-0.5334,-0.4114,-0.5835,-0.5221,-0.4114,-0.6127,-0.5277,-0.4114,-0.6473,-0.5464,-0.5399,-0.7302,-0.638,-0.5399,-0.8093,-0.6433,-0.5399,-0.9412,-0.7348,-0.5399,-0.9992,-0.8467,-0.9586,-1.1233,-0.9612,-0.9586,-1.2427,-0.9602,-0.9586,-1.349,-1.0573,-0.9586,-1.461,-1.1282,-1.443,-1.6127,-1.1646,-1.443,-1.6812,-1.2831,-1.443,-1.8051,-1.3183,-1.443,-1.8902,-1.4232,-1.736,-1.9908,-1.5205,-1.736,-2.0262,-1.4978,-1.736,-2.0482,-1.5675,-1.736,-2.1477,-1.6188,-2.1217,-2.2609,-1.7577,-2.1217,-2.3488,-1.8757,-2.1217,-2.3999,-1.8672,-2.1217,-2.3695,-1.7982,-2.3041,-2.4123,-1.8544,-2.3041,-2.4236,-1.781,-2.3041,-2.4387,-1.8454,-2.3041,-2.4597,-1.8399,-2.2952,-2.4869,-1.8734,-2.2952,-2.4975,-1.9373,-2.2952,-2.456,-1.9833,-2.2952,-2.4171,-1.8258,-2.1456,-2.3565,-1.7557,-2.1456,-2.2667,-1.748,-2.1456,-2.2038,-1.5922,-2.1456,-2.1222,-1.5281,-1.8197,-2.0024,-1.535,-1.8197,-1.8925,-1.473,-1.8197,-1.7793,-1.3884,-1.8197,-1.6424,-1.3335,-1.2217,-1.4768,-1.2001,-1.2217,-1.3322,-1.0733,-1.2217,-1.1671,-0.906,-1.2217,-1.0203,-0.8263,-0.5758,-0.8218,-0.5725,-0.5758,-0.6553,-0.531,-0.5758,-0.5044,-0.4747,-0.5758,-0.3652,-0.3573,-0.1452,-0.2036,-0.2787,-0.1452,-0.0876,-0.1342,-0.1452,-0.0004,-0.0942,-0.1452,-0.0217,-0.0522,-0.0346,-0.0405,-0.0614,-0.0346,-0.0344,-0.0602,-0.0346,-0.0044,-0.1105,-0.0346,-0.0294,-0.1291,-0.1094,-0.0847,-0.1395,-0.1094,-0.103,-0.1694,-0.1094,-0.15,-0.2199,-0.1094,-0.2421,-0.2718,-0.3217,-0.2843,-0.3284,-0.3217,-0.3741,-0.3981,-0.3217,-0.3947,-0.4419,-0.3217,-0.4811,-0.5156,-0.5668,-0.5456,-0.5628,-0.5668,-0.6223,-0.608,-0.5668
2025-08-08,-0.6334,-0.6294,-0.5668,-0.6907,-0.6659,-0.7343,-0.7247,-0.7143,-0.7343,-0.7371,-0.7456,-0.7343,-0.768,-0.791,-0.7343,-0.7884,-0.7982,-0.836,-0.8153,-0.828,-0.836,-0.8293,-0.8481,-0.836,-0.8541,-0.8754,-0.836,-0.8694,-0.8953,-0.9017,-0.8492,-0.9002,-0.9017,-0.8798,-0.9167,-0.9017,-0.9002,-0.9119,-0.9017,-0.8874,-0.9364,-0.9227,-0.9074,-0.9259,-0.9227,-0.8966,-0.9311,-0.9227,-0.8974,-0.9531,-0.9227,-0.8989,-0.9319,-0.9047,-0.8953,-0.9335,-0.9047,-0.8874,-0.92,-0.9047,-0.8725,-0.9034,-0.9047,-0.8054,-0.8617,-0.7791,-0.8149,-0.8521,-0.7791,-0.7622,-0.8167,-0.7791,-0.7021,-0.7822,-0.7791,-0.6234,-0.7177,-0.5668,-0.5916,-0.7217,-0.5668,-0.5469,-0.6861,-0.5668,-0.523,-0.6645,-0.5668,-0.4741,-0.6381,-0.4323,-0.4873,-0.6471,-0.4323,-0.4955,-0.6555,-0.4323,-0.5317,-0.6411,-0.4323,-0.5282,-0.6147,-0.522,-0.6249,-0.7035,-0.522,-0.7049,-0.7067,-0.522,-0.7702,-0.8143,-0.522,-0.8848,-0.8431,-0.8629,-1.0215,-0.9419,-0.8629,-1.1463,-1.0031,-0.8629,-1.2714,-1.1202,-0.8629,-1.401,-1.1524,-1.2725,-1.5477,-1.1706,-1.2725,-1.638,-1.2918,-1.2725,-1.7179,-1.3798,-1.2725,-1.7874,-1.4462,-1.5955,-1.8485,-1.4062,-1.5955,-1.8374,-1.4936,-1.5955,-1.9096,-1.4615,-1.5955,-2.0255,-1.5758,-1.8945,-2.1399,-1.7081,-1.8945,-2.1851,-1.8122,-1.8945,-2.2656,-1.8758,-1.8945,-2.2681,-1.8846,-2.047,-2.3049,-1.896,-2.047,-2.2936,-1.916,-2.047,-2.3363,-1.9124,-2.047,-2.3471,-1.9491,-2.1367,-2.3335,-1.9104,-2.1367,-2.289,-1.8683,-2.1367,-2.2981,-1.8468,-2.1367,-2.2544,-1.7329,-1.9184,-2.19,-1.705,-1.9184,-2.1273,-1.6857,-1.9184,-2.0664,-1.6296,-1.9184,-1.9978,-1.5108,-1.5835,-1.8698,-1.4373,-1.5835,-1.7539,-1.3678,-1.5835,-1.6484,-1.2994,-1.5835,-1.5096,-1.2296,-1.117,-1.2596,-1.0524,-1.117,-1.122,-0.9754,-1.117,-0.9249,-0.8023,-1.117,-0.7528,-0.7027,-0.528,-0.5864,-0.5339,-0.528,-0.4135,-0.5119,-0.528,-0.2292,-0.3874,-0.528,-0.0858,-0.3036,-0.0914,0.0479,-0.2198,-0.0914,0.128,-0.1195,-0.0914,0.1643,-0.0772,-0.0914,0.1566,-0.0895,0.0103,0.1175,-0.0908,0.0103,0.0811,-0.0928,0.0103,0.0919,-0.1247,0.0103,0.0683,-0.1347,-0.0735,-0.0035,-0.1591,-0.0735,-0.0535,-0.179,-0.0735,-0.1458,-0.2082,-0.0735,-0.2158,-0.2679,-0.2738,-0.2847,-0.3327,-0.2738,-0.337,-0.3784,-0.2738,-0.3838,-0.4147,-0.2738,-0.448,-0.4896,-0.4951,-0.4889,-0.5388,-0.4951,-0.5359,-0.5764,-0.4951
2025-08-09,-0.588,-0.5988,-0.4951,-0.6097,-0.6172,-0.6267,-0.675,-0.6568,-0.6267,-0.7077,-0.6991,-0.6267,-0.7255,-0.7483,-0.6267,-0.7422,-0.7561,-0.7492,-0.8119,-0.7945,-0.7492,-0.8258,-0.8299,-0.7492,-0.8573,-0.8698,-0.7492,-0.8857,-0.8911,-0.8539,-0.9018,-0.8981,-0.8539,-0.9013,-0.9147,-0.8539,-0.8966,-0.9142,-0.8539,-0.9122,-0.9297,-0.8838,-0.9268,-0.9238,-0.8838,-0.939,-0.933,-0.8838,-0.9506,-0.9326,-0.8838,-0.9477,-0.9242,-0.8928,-0.9562,-0.9268,-0.8928,-0.928,-0.9136,-0.8928,-0.9089,-0.9014,-0.8928,-0.886,-0.8765,-0.824,-0.8718,-0.8566,-0.824,-0.848,-0.8523,-0.824,-0.7263,-0.8319,-0.824,-0.6562,-0.7957,-0.7791,-0.6756,-0.7896,-0.7791,-0.6463,-0.7792,-0.7791,-0.6458,-0.7751,-0.7791,-0.6516,-0.7719,-0.818,-0.6615,-0.7784,-0.818,-0.7113,-0.7721,-0.818,-0.7539,-0.7631,-0.818,-0.7732,-0.7826,-0.8988,-0.8427,-0.8308,-0.8988,-0.8913,-0.8445,-0.8988,-0.9963,-0.9033,-0.8988,-1.0369,-0.9635,-1.117,-1.1599,-1.0755,-1.117,-1.2747,-1.1245,-1.117,-1.3884,-1.1883,-1.117,-1.4801,-1.3074,-1.4908,-1.5876,-1.4106,-1.4908,-1.6804,-1.5091,-1.4908,-1.7987,-1.555,-1.4908,-1.8764,-1.6386,-1.9184,-1.9668,-1.6242,-1.9184,-1.9839,-1.6401,-1.9184,-2.0452,-1.5671,-1.9184,-2.1,-1.6862,-2.2623,-2.2031,-1.785,-2.2623,-2.2435,-1.843,-2.2623,-2.2919,-1.8788,-2.2623,-2.2981,-1.9407,-2.4686,-2.3417,-1.9628,-2.4686,-2.3304,-1.9804,-2.4686,-2.3826,-2.0131,-2.4686,-2.3736,-2.0349,-2.4835,-2.3722,-2.019,-2.4835,-2.3366,-2.013,-2.4835,-2.3414,-1.9952,-2.4835,-2.316,-1.9916,-2.4028,-2.2564,-1.913,-2.4028,-2.1795,-1.9152,-2.4028,-2.1002,-1.8239,-2.4028,-1.9857,-1.747,-2.035,-1.9011,-1.7208,-2.035,-1.7964,-1.6011,-2.035,-1.6728,-1.4901,-2.035,-1.5423,-1.4303,-1.4519,-1.455,-1.2968,-1.4519,-1.2919,-1.1318,-1.4519,-1.1019,-0.9689,-1.4519,-0.9337,-0.8701,-0.7881,-0.7949,-0.7417,-0.7881,-0.5979,-0.6507,-0.7881,-0.4846,-0.5083,-0.7881,-0.2884,-0.4325,-0.2648,-0.1553,-0.3583,-0.2648,-0.0529,-0.282,-0.2648,-0.0253,-0.2475,-0.2648,-0.0205,-0.2332,-0.1034,-0.0187,-0.2104,-0.1034,-0.0285,-0.2042,-0.1034,-0.0642,-0.2057,-0.1034,-0.1046,-0.2039,-0.1662,-0.1169,-0.2266,-0.1662,-0.141,-0.2306,-0.1662,-0.1718,-0.2737,-0.1662,-0.2289,-0.3318,-0.3276,-0.2692,-0.38,-0.3276,-0.3307,-0.4182,-0.3276,-0.3639,-0.4624,-0.3276,-0.4448,-0.5295,-0.525,-0.4829,-0.57,-0.525,-0.5246,-0.6068,-0.525
2025-08-10,-0.5854,-0.6314,-0.525,-0.6155,-0.6617,-0.6625,-0.6578,-0.6982,-0.6625,-0.6987,-0.7288,-0.6625,-0.7268,-0.7726,-0.6625,-0.7499,-0.7797,-0.7762,-0.7744,-0.8106,-0.7762,-0.8189,-0.8201,-0.7762,-0.8325,-0.8626,-0.7762,-0.8604,-0.878,-0.8509,-0.8577,-0.8891,-0.8509,-0.8837,-0.8928,-0.8509,-0.8814,-0.9024,-0.8509,-0.9028,-0.9207,-0.8838,-0.9354,-0.9279,-0.8838,-0.9639,-0.927,-0.8838,-0.9422,-0.9386,-0.8838,-0.936,-0.9351,-0.8898,-0.953,-0.9359,-0.8898,-0.9563,-0.9283,-0.8898,-0.9378,-0.9342,-0.8898,-0.9074,-0.9092,-0.8419,-0.8926,-0.9081,-0.8419,-0.8581,-0.9042,-0.8419,-0.8753,-0.9234,-0.8419,-0.8415,-0.8918,-0.821,-0.8796,-0.9147,-0.821,-0.8925,-0.9111,-0.821,-0.9291,-0.9194,-0.821,-0.9218,-0.912,-0.8928,-0.9646,-0.9429,-0.8928,-0.9976,-0.9399,-0.8928,-1.0212,-0.9853,-0.8928,-1.0835,-1.0152,-0.9885,-1.131,-1.0469,-0.9885,-1.1796,-1.0606,-0.9885,-1.2861,-1.1264,-0.9885,-1.3449,-1.143,-1.3054,-1.4535,-1.2347,-1.3054,-1.5343,-1.2705,-1.3054,-1.6584,-1.3456,-1.3054,-1.7355,-1.4257,-1.736,-1.8369,-1.4916,-1.736,-1.9043,-1.5944,-1.736,-2.0161,-1.5971,-1.736,-2.1178,-1.7113,-2.1486,-2.2158,-1.6789,-2.1486,-2.2586,-1.667,-2.1486,-2.3304,-1.6445,-2.1486,-2.378,-1.7532,-2.4237,-2.4838,-1.8186,-2.4237,-2.5421,-1.8642,-2.4237,-2.5993,-1.9203,-2.4237,-2.5968,-1.9823,-2.6928,-2.6686,-2.0098,-2.6928,-2.6883,-2.051,-2.6928,-2.7172,-2.072,-2.6928,-2.7363,-2.1047,-2.7556,-2.7539,-2.1224,-2.7556,-2.7501,-2.1393,-2.7556,-2.7232,-2.1562,-2.7556,-2.6626,-2.0684,-2.6121,-2.6014,-1.9854,-2.6121,-2.5378,-1.9819,-2.6121,-2.4666,-1.8934,-2.6121,-2.3383,-1.8038,-2.2473,-2.2211,-1.7965,-2.2473,-2.122,-1.7139,-2.2473,-2.0031,-1.6353,-2.2473,-1.8238,-1.5216,-1.5506,-1.7089,-1.3707,-1.5506,-1.524,-1.1982,-1.5506,-1.3469,-1.0194,-1.5506,-1.1756,-0.9195,-0.8928,-0.9921,-0.8123,-0.8928,-0.8045,-0.7007,-0.8928,-0.6447,-0.57,-0.8928,-0.4445,-0.5088,-0.3187,-0.2984,-0.3673,-0.3187,-0.2133,-0.3172,-0.3187,-0.1369,-0.2747,-0.3187,-0.1427,-0.262,-0.1422,-0.1232,-0.2137,-0.1422,-0.1226,-0.2128,-0.1422,-0.1425,-0.2104,-0.1422,-0.1208,-0.1955,-0.1931,-0.1242,-0.2319,-0.1931,-0.1798,-0.2503,-0.1931,-0.212,-0.2915,-0.1931,-0.274,-0.3825,-0.3635,-0.3431,-0.4308,-0.3635,-0.4155,-0.4807,-0.3635,-0.4626,-0.5151,-0.3635,-0.5524,-0.593,-0.5758,-0.6101,-0.6427,-0.5758,-0.6331,-0.6874,-0.5758
2025-08-11,-0.6827,-0.6864,-0.5758,-0.7297,-0.713,-0.7164,-0.7532,-0.7609,-0.7164,-0.804,-0.779,-0.7164,-0.8284,-0.8246,-0.7164,-0.843,-0.8295,-0.818,-0.8605,-0.8643,-0.818,-0.8959,-0.8822,-0.818,-0.9028,-0.9004,-0.818,-0.9234,-0.9199,-0.8689,-0.9421,-0.9233,-0.8689,-0.927,-0.9294,-0.8689,-0.9238,-0.9373,-0.8689,-0.9418,-0.9401,-0.8988,-0.9411,-0.941,-0.8988,-0.964,-0.9444,-0.8988,-0.9545,-0.9505,-0.8988,-0.9412,-0.9488,-0.8898,-0.9362,-0.94,-0.8898,-0.9029,-0.9264,-0.8898,-0.9023,-0.9143,-0.8898,-0.8409,-0.8579,-0.7642,-0.8429,-0.8503,-0.7642,-0.7835,-0.8081,-0.7642,-0.7335,-0.7489,-0.7642,-0.6675,-0.6607,-0.5369,-0.6531,-0.6266,-0.5369,-0.6017,-0.6154,-0.5369,-0.566,-0.5966,-0.5369,-0.4652,-0.5456,-0.3605,-0.4727,-0.5138,-0.3605,-0.485,-0.4923,-0.3605,-0.4933,-0.5089,-0.3605,-0.5072,-0.5165,-0.4742,-0.5415,-0.5861,-0.4742,-0.6146,-0.6513,-0.4742,-0.7206,-0.74,-0.4742,-0.8014,-0.7938,-0.818,-0.916,-0.8759,-0.818,-1.0392,-0.9386,-0.818,-1.1677,-0.9962,-0.818,-1.2762,-1.0832,-1.2964,-1.3557,-1.1715,-1.2964,-1.4316,-1.2474,-1.2964,-1.5437,-1.317,-1.2964,-1.6068,-1.2992,-1.6403,-1.7241,-1.3893,-1.6403,-1.7238,-1.4657,-1.6403,-1.7617,-1.463,-1.6403,-1.8553,-1.5731,-1.9842,-1.9857,-1.6913,-1.9842,-2.0539,-1.7476,-1.9842,-2.1459,-1.7553,-1.9842,-2.1163,-1.7294,-2.1337,-2.1071,-1.7639,-2.1337,-2.1317,-1.7617,-2.1337,-2.1341,-1.7387,-2.1337,-2.1653,-1.7463,-2.2354,-2.1952,-1.7881,-2.2354,-2.1576,-1.7646,-2.2354,-2.1405,-1.7623,-2.2354,-2.0711,-1.6411,-2.0679,-2.0444,-1.5698,-2.0679,-1.9417,-1.5589,-2.0679,-1.8591,-1.4874,-2.0679,-1.8085,-1.4182,-1.6911,-1.7312,-1.345,-1.6911,-1.5688,-1.2499,-1.6911,-1.4475,-1.2012,-1.6911,-1.32,-1.1179,-1.1111,-1.1967,-1.0352,-1.1111,-1.0573,-0.9203,-1.1111,-0.8956,-0.6751,-1.1111,-0.7182,-0.662,-0.4323,-0.5204,-0.5083,-0.4323,-0.3881,-0.4754,-0.4323,-0.2405,-0.3176,-0.4323,-0.0986,-0.2124,-0.0286,-0.0038,-0.1302,-0.0286,0.0448,-0.0632,-0.0286,0.0879,-0.0279,-0.0286,0.0701,-0.0242,0.0641,0.0634,-0.0376,0.0641,0.0551,-0.0472,0.0641,0.043,-0.0682,0.0641,0.028,-0.099,-0.0316,0.0371,-0.1103,-0.0316,-0.0329,-0.1549,-0.0316,-0.0871,-0.1983,-0.0316,-0.1497,-0.2682,-0.2439,-0.2323,-0.3185,-0.2439,-0.2826,-0.3717,-0.2439,-0.363,-0.4338,-0.2439,-0.4214,-0.5077,-0.4891,-0.4798,-0.5546,-0.4891,-0.5429,-0.6025,-0.4891
2025-08-12,-0.5642,-0.6477,-0.4891,-0.6121,-0.6787,-0.6506,-0.6606,-0.7317,-0.6506,-0.7222,-0.7545,-0.6506,-0.769,-0.7983,-0.6506,-0.7964,-0.8067,-0.7492,-0.8027,-0.8383,-0.7492,-0.8135,-0.8565,-0.7492,-0.8298,-0.8813,-0.7492,-0.8618,-0.8954,-0.827,-0.8661,-0.904,-0.827,-0.8921,-0.9114,-0.827,-0.8768,-0.9198,-0.827,-0.8726,-0.9195,-0.8599,-0.8737,-0.9198,-0.8599,-0.883,-0.9338,-0.8599,-0.9014,-0.9396,-0.8599,-0.9132,-0.9243,-0.8629,-0.8776,-0.9252,-0.8629,-0.8692,-0.9118,-0.8629,-0.8757,-0.899,-0.8629,-0.8054,-0.8526,-0.7433,-0.7918,-0.8355,-0.7433,-0.7701,-0.795,-0.7433,-0.7214,-0.7327,-0.7433,-0.6159,-0.6594,-0.531,-0.6031,-0.6282,-0.531,-0.5405,-0.5822,-0.531,-0.5065,-0.5811,-0.531,-0.4469,-0.5293,-0.3516,-0.4363,-0.5265,-0.3516,-0.4103,-0.5094,-0.3516,-0.4083,-0.4919,-0.3516,-0.4432,-0.4892,-0.4502,-0.4937,-0.5364,-0.4502,-0.5514,-0.5598,-0.4502,-0.6131,-0.627,-0.4502,-0.6595,-0.7036,-0.7702,-0.7642,-0.8303,-0.7702,-0.8925,-0.8663,-0.7702,-1.0114,-0.9621,-0.7702,-1.1228,-0.9947,-1.2337,-1.2127,-1.1639,-1.2337,-1.2974,-1.2381,-1.2337,-1.3878,-1.2647,-1.2337,-1.4674,-1.3545,-1.5506,-1.5374,-1.4011,-1.5506,-1.5413,-1.4483,-1.5506,-1.5893,-1.4886,-1.5506,-1.7254,-1.6111,-1.8945,-1.8414,-1.7245,-1.8945,-1.9286,-1.7935,-1.8945,-1.9514,-1.8244,-1.8945,-1.938,-1.8394,-2.0918,-2.0004,-1.8356,-2.0918,-1.9669,-1.791,-2.0918,-2.0162,-1.8418,-2.0918,-2.0123,-1.9113,-2.1666,-2.0364,-1.8609,-2.1666,-1.9949,-1.8125,-2.1666,-1.9642,-1.8513,-2.1666,-1.907,-1.7096,-2.026,-1.8663,-1.5882,-2.026,-1.7894,-1.6133,-2.026,-1.7356,-1.5514,-2.026,-1.64,-1.4544,-1.6284,-1.5124,-1.4038,-1.6284,-1.3928,-1.3393,-1.6284,-1.2912,-1.2399,-1.6284,-1.1521,-1.1698,-1.0393,-1.06,-1.0306,-1.0393,-0.8894,-0.9278,-1.0393,-0.7329,-0.7657,-1.0393,-0.6286,-0.6417,-0.4263,-0.5037,-0.5093,-0.4263,-0.3898,-0.4597,-0.4263,-0.2428,-0.3355,-0.4263,-0.1139,-0.2332,-0.0376,0.0093,-0.1408,-0.0376,0.0726,-0.056,-0.0376,0.1135,-0.0213,-0.0376,0.117,-0.0296,0.0671,0.1081,-0.0299,0.0671,0.1154,-0.0411,0.0671,0.093,-0.068,0.0671,0.0755,-0.091,-0.0197,0.0802,-0.1138,-0.0197,0.027,-0.1432,-0.0197,0.0066,-0.193,-0.0197,-0.1065,-0.2701,-0.2439,-0.1798,-0.3198,-0.2439,-0.232,-0.3677,-0.2439,-0.3081,-0.4302,-0.2439,-0.3626,-0.5048,-0.4831,-0.4071,-0.5566,-0.4831,-0.48,-0.6057,-0.4831
2025-08-13,-0.5362,-0.6063,-0.4831,-0.579,-0.6305,-0.6267,-0.6283,-0.6772,-0.6267,-0.6346,-0.7168,-0.6267,-0.7045,-0.7459,-0.6267,-0.7173,-0.7582,-0.7283,-0.7364,-0.7855,-0.7283,-0.7671,-0.7944,-0.7283,-0.7827,-0.8328,-0.7283,-0.8339,-0.8418,-0.809,-0.8282,-0.8506,-0.809,-0.8257,-0.8697,-0.809,-0.8289,-0.8786,-0.809,-0.8619,-0.8743,-0.839,-0.8804,-0.8895,-0.839,-0.8937,-0.8917,-0.839,-0.8627,-0.888,-0.839,-0.8652,-0.8662,-0.833,-0.8389,-0.8665,-0.833,-0.841,-0.8541,-0.833,-0.8404,-0.847,-0.833,-0.7745,-0.8077,-0.7104,-0.7733,-0.7848,-0.7104,-0.7204,-0.7366,-0.7104,-0.6549,-0.6811,-0.7104,-0.5765,-0.6167,-0.51,-0.5438,-0.5793,-0.51,-0.5131,-0.5415,-0.51,-0.4767,-0.477,-0.51,-0.4138,-0.4757,-0.3336,-0.4018,-0.4292,-0.3336,-0.3829,-0.4362,-0.3336,-0.3995,-0.4055,-0.3336,-0.4142,-0.4241,-0.4024,-0.4854,-0.4572,-0.4024,-0.5387,-0.4855,-0.4024,-0.6245,-0.5539,-0.4024,-0.6985,-0.5843,-0.7044,-0.82,-0.6922,-0.7044,-0.9277,-0.7904,-0.7044,-1.02,-0.9239,-0.7044,-1.1235,-0.9431,-1.0692,-1.237,-1.0567,-1.0692,-1.3093,-1.0825,-1.0692,-1.4098,-1.1679,-1.0692,-1.4657,-1.1963,-1.3772,-1.533,-1.2504,-1.3772,-1.5435,-1.2325,-1.3772,-1.5903,-1.3551,-1.3772,-1.6892,-1.4883,-1.745,-1.7944,-1.5783,-1.745,-1.8551,-1.6566,-1.745,-1.8988,-1.6596,-1.745,-1.916,-1.6415,-1.9124,-1.9663,-1.6554,-1.9124,-1.9548,-1.6516,-1.9124,-2.003,-1.7178,-1.9124,-1.9883,-1.7344,-1.9902,-1.9596,-1.7017,-1.9902,-1.9333,-1.6595,-1.9902,-1.8811,-1.6661,-1.9902,-1.8077,-1.5847,-1.7838,-1.7378,-1.5725,-1.7838,-1.7246,-1.4679,-1.7838,-1.598,-1.424,-1.7838,-1.4284,-1.2969,-1.3891,-1.3459,-1.2955,-1.3891,-1.2304,-1.0876,-1.3891,-1.1032,-1.0103,-1.3891,-1.0288,-0.9804,-0.8539,-0.9475,-0.8345,-0.8539,-0.7787,-0.7127,-0.8539,-0.6511,-0.5332,-0.8539,-0.555,-0.4246,-0.2828,-0.3929,-0.2926,-0.2828,-0.2368,-0.2343,-0.2828,-0.094,-0.1593,-0.2828,0.0374,-0.1479,0.0402,0.1603,-0.0633,0.0402,0.2407,-0.023,0.0402,0.2781,0.0138,0.0402,0.2813,0.0134,0.097,0.2741,-0.0138,0.097,0.2365,-0.0241,0.097,0.2239,-0.0377,0.097,0.2047,-0.0745,0.0043,0.1371,-0.0791,0.0043,0.0873,-0.1245,0.0043,0.0318,-0.1826,0.0043,-0.0328,-0.2459,-0.223,-0.1207,-0.3026,-0.223,-0.1847,-0.3561,-0.223,-0.2345,-0.4018,-0.223,-0.329,-0.4835,-0.4622,-0.3712,-0.5329,-0.4622,-0.4633,-0.584,-0.4622
2025-08-14,-0.4855,-0.5868,-0.4622,-0.5289,-0.6109,-0.6296,-0.5632,-0.6495,-0.6296,-0.6307,-0.6801,-0.6296,-0.6665,-0.7174,-0.6296,-0.6825,-0.7342,-0.7253,-0.727,-0.7654,-0.7253,-0.7425,-0.7644,-0.7253,-0.7434,-0.8047,-0.7253,-0.7633,-0.8042,-0.7911,-0.7967,-0.8289,-0.7911,-0.7792,-0.8332,-0.7911,-0.7949,-0.8482,-0.7911,-0.813,-0.8475,-0.821,-0.7993,-0.8664,-0.821,-0.8122,-0.8674,-0.821,-0.8318,-0.8684,-0.821,-0.8117,-0.8478,-0.818,-0.8179,-0.8473,-0.818,-0.8098,-0.8318,-0.818,-0.8033,-0.8238,-0.818,-0.7377,-0.7885,-0.7104,-0.7314,-0.7836,-0.7104,-0.6757,-0.7166,-0.7104,-0.6495,-0.6637,-0.7104,-0.5462,-0.6191,-0.51,-0.5175,-0.6029,-0.51,-0.4815,-0.5483,-0.51,-0.4202,-0.5123,-0.51,-0.343,-0.4548,-0.3246,-0.3358,-0.4409,-0.3246,-0.3349,-0.4446,-0.3246,-0.3001,-0.3988,-0.3246,-0.3534,-0.386,-0.3575,-0.4188,-0.4442,-0.3575,-0.4675,-0.4213,-0.3575,-0.5589,-0.5153,-0.3575,-0.6347,-0.5134,-0.5698,-0.7693,-0.6545,-0.5698,-0.8562,-0.7358,-0.5698,-0.9876,-0.7744,-0.5698,-1.0912,-0.8549,-0.8629,-1.2202,-0.9759,-0.8629,-1.2755,-0.9754,-0.8629,-1.407,-1.1365,-0.8629,-1.4919,-1.0834,-1.2157,-1.5873,-1.1635,-1.2157,-1.6031,-1.1992,-1.2157,-1.6493,-1.2915,-1.2157,-1.7322,-1.4206,-1.6971,-1.8347,-1.5015,-1.6971,-1.8662,-1.4787,-1.6971,-1.9883,-1.4917,-1.6971,-1.9827,-1.5138,-1.8227,-1.9812,-1.5888,-1.8227,-1.9816,-1.5712,-1.8227,-2.0561,-1.5421,-1.8227,-2.0329,-1.4759,-1.6074,-2.06,-1.3908,-1.6074,-1.9071,-1.2387,-1.6074,-1.8069,-1.2339,-1.6074,-1.8147,-1.1515,-1.0513,-1.4446,-1.1342,-1.0513,-0.9644,-1.029,-1.0513,-0.4465,-0.9815,-1.0513,-0.1935,-0.9707,-0.528,0.0502,-0.7672,-0.528,0.0637,-0.7405,-0.528,0.0318,-0.7311,-0.528,0.0239,-0.6839,-0.2858,0.0079,-0.7176,-0.2858,-0.0249,-0.6016,-0.2858,-0.0471,-0.4924,-0.2858,-0.0471,-0.4046,-0.0436,-0.0529,-0.2546,-0.0436,-0.0229,-0.2266,-0.0436,-0.0411,-0.1213,-0.0436,-0.1219,-0.0563,0.094,-0.0901,0.0329,0.094,-0.0126,0.0543,0.094,0.0273,0.0215,0.094,0.0976,0.029,0.0581,0.1122,0.0139,0.0581,0.1002,-0.0008,0.0581,0.0778,-0.019,0.0581,0.0304,-0.0609,-0.0555,-0.0299,-0.1013,-0.0555,-0.065,-0.1532,-0.0555,-0.1348,-0.2123,-0.0555,-0.1694,-0.2938,-0.2678,-0.2286,-0.3391,-0.2678,-0.3068,-0.3973,-0.2678,-0.3361,-0.4355,-0.2678,-0.4013,-0.5076,-0.4891,-0.4602,-0.5631,-0.4891,-0.4944,-0.6041,-0.4891
2025-08-15,-0.5308,-0.5551,-0.4891,-0.5782,-0.5621,-0.7014,-0.5999,-0.6138,-0.7014,-0.6465,-0.6368,-0.7014,-0.6982,-0.6773,-0.7014,-0.6899,-0.7171,-0.809,-0.711,-0.7256,-0.809,-0.7391,-0.7389,-0.809,-0.7644,-0.7642,-0.809,-0.8087,-0.7856,-0.8928,-0.8065,-0.8043,-0.8928,-0.8305,-0.8118,-0.8928,-0.8182,-0.8128,-0.8928,-0.8429,-0.8207,-0.9257,-0.8449,-0.8334,-0.9257,-0.842,-0.8417,-0.9257,-0.8529,-0.852,-0.9257,-0.8427,-0.8298,-0.9316,-0.8368,-0.8348,-0.9316,-0.8356,-0.8236,-0.9316,-0.8216,-0.8221,-0.9316,-0.8041,-0.7767,-0.8689,-0.8139,-0.7761,-0.8689,-0.8123,-0.7098,-0.8689,-0.7762,-0.6583,-0.8689,-0.7577,-0.5926,-0.8509,-0.7562,-0.5501,-0.8509,-0.7602,-0.52,-0.8509,-0.7803,-0.501,-0.8509,-0.7664,-0.4426,-0.9077,-0.7986,-0.397,-0.9077,-0.8212,-0.349,-0.9077,-0.8407,-0.3678,-0.9077,-0.8821,-0.3618,-1.0513,-0.9783,-0.4658,-1.0513,-1.0354,-0.4836,-1.0513,-1.1529,-0.564,-1.0513,-1.2117,-0.5847,-1.3592,-1.301,-0.7397,-1.3592,-1.4535,-0.7703,-1.3592,-1.5788,-0.9371,-1.3592,-1.6539,-0.9704,-1.7988,-1.774,-1.0498,-1.7988,-1.8798,-1.1154,-1.7988,-1.9748,-1.1993,-1.7988,-2.0562,-1.278,-2.1486,-2.128,-1.2757,-2.1486,-2.1694,-1.2997,-2.1486,-2.2427,-1.3521,-2.1486,-2.2971,-1.4143,-2.3908,-2.3657,-1.575,-2.3908,-2.4416,-1.5777,-2.3908,-2.5305,-1.6087,-2.3908,-2.5296,-1.6572,-2.6899,-2.596,-1.6211,-2.6899,-2.6357,-1.6054,-2.6899,-2.6105,-1.6102,-2.6899,-2.6133,-1.584,-2.7616,-2.6219,-1.5432,-2.7616,-2.5945,-1.4036,-2.7616,-2.5887,-1.4482,-2.7616,-2.5064,-1.3656,-2.5972,-2.3998,-1.2685,-2.5972,-2.3749,-1.2702,-2.5972,-2.1763,-1.2305,-2.5972,-2.135,-1.0659,-2.1367,-2.0524,-1.0688,-2.1367,-1.9531,-0.9723,-2.1367,-1.8379,-0.8929,-2.1367,-1.7054,-0.8291,-1.5357,-1.445,-0.8344,-1.5357,-1.3949,-0.7063,-1.5357,-1.0481,-0.5053,-1.5357,-0.8505,-0.4648,-0.824,-0.8357,-0.3729,-0.824,-0.6145,-0.2889,-0.824,-0.2448,-0.1479,-0.824,-0.1866,-0.0715,-0.2828,-0.1725,0.0313,-0.2828,-0.2124,0.0449,-0.2828,-0.1208,0.04,-0.2828,-0.0776,0.0368,-0.1333,-0.0795,0.0287,-0.1333,-0.0684,-0.003,-0.1333,-0.0768,-0.01,-0.1333,-0.0914,-0.0392,-0.208,-0.1058,-0.0661,-0.208,-0.1342,-0.1149,-0.208,-0.212,-0.1766,-0.208,-0.2428,-0.2393,-0.4084,-0.3133,-0.2973,-0.4084,-0.3486,-0.3521,-0.4084,-0.4097,-0.3868,-0.4084,-0.457,-0.4675,-0.6356,-0.5038,-0.508,-0.6356,-0.5471,-0.5485,-0.6356
2025-08-16,-0.5808,-0.5581,-0.6356,-0.5976,-0.5865,-0.6267,-0.6428,-0.6351,-0.6267,-0.6851,-0.6804,-0.6267,-0.6998,-0.7011,-0.6267,-0.7417,-0.7212,-0.7433,-0.7668,-0.7397,-0.7433,-0.8014,-0.7979,-0.7433,-0.837,-0.8202,-0.7433,-0.8422,-0.856,-0.8419,-0.8552,-0.8645,-0.8419,-0.8595,-0.8658,-0.8419,-0.8568,-0.8769,-0.8419,-0.8751,-0.8841,-0.8778,-0.8729,-0.8881,-0.8778,-0.8849,-0.8802,-0.8778,-0.9208,-0.9013,-0.8778,-0.8929,-0.8732,-0.8868,-0.9104,-0.8723,-0.8868,-0.8962,-0.8726,-0.8868,-0.9053,-0.8569,-0.8868,-0.8538,-0.8402,-0.818,-0.8561,-0.8346,-0.818,-0.8364,-0.8019,-0.818,-0.7975,-0.7871,-0.818,-0.7463,-0.7338,-0.7702,-0.7369,-0.7183,-0.7702,-0.7314,-0.7177,-0.7702,-0.7104,-0.7462,-0.7702,-0.6923,-0.715,-0.7732,-0.7249,-0.6834,-0.7732,-0.7735,-0.6976,-0.7732,-0.7775,-0.6949,-0.7732,-0.7769,-0.687,-0.8569,-0.8376,-0.7707,-0.8569,-0.8688,-0.7902,-0.8569,-0.9538,-0.8438,-0.8569,-1.0032,-0.8874,-1.0961,-1.1206,-1.01,-1.0961,-1.2306,-1.0369,-1.0961,-1.378,-1.1693,-1.0961,-1.4645,-1.1902,-1.4818,-1.609,-1.3009,-1.4818,-1.6743,-1.3936,-1.4818,-1.784,-1.4669,-1.4818,-1.8508,-1.5186,-1.8646,-1.9971,-1.5547,-1.8646,-2.0109,-1.5191,-1.8646,-2.0621,-1.543,-1.8646,-2.1246,-1.6097,-2.1606,-2.1997,-1.6878,-2.1606,-2.2293,-1.6917,-2.1606,-2.2584,-1.7669,-2.1606,-2.3147,-1.8596,-2.355,-2.3704,-1.8601,-2.355,-2.3394,-1.8537,-2.355,-2.0997,-1.8708,-2.355,-1.8961,-1.8819,-2.3819,-2.1123,-1.8588,-2.3819,-2.1346,-1.8499,-2.3819,-2.3345,-1.7445,-2.3819,-2.0863,-1.7429,-2.1636,-1.5986,-1.7098,-2.1636,-0.8349,-1.7598,-2.1636,-0.5241,-1.6705,-2.1636,-0.9204,-1.4816,-1.6822,-1.1724,-1.388,-1.6822,-1.228,-1.2757,-1.6822,-1.0799,-1.2196,-1.6822,-1.0384,-1.2264,-1.1559,-0.924,-1.1584,-1.1559,-1.0593,-0.9586,-1.1559,-1.0018,-0.876,-1.1559,-0.7401,-0.7466,-0.4861,-0.6288,-0.604,-0.4861,-0.5484,-0.5074,-0.4861,-0.4044,-0.3578,-0.4861,-0.3058,-0.295,-0.0675,-0.2309,-0.2301,-0.0675,-0.1469,-0.1869,-0.0675,-0.068,-0.161,-0.0675,-0.0279,-0.1445,-0.0316,-0.0555,-0.1298,-0.0316,-0.1081,-0.1511,-0.0316,-0.0776,-0.1575,-0.0316,-0.0674,-0.1483,-0.1303,-0.1375,-0.1694,-0.1303,-0.1937,-0.2079,-0.1303,-0.2623,-0.2698,-0.1303,-0.3168,-0.3244,-0.3217,-0.3698,-0.3703,-0.3217,-0.4694,-0.4127,-0.3217,-0.4986,-0.4423,-0.3217,-0.5375,-0.5118,-0.519,-0.6172,-0.5585,-0.519,-0.6195,-0.5914,-0.519
2025-08-17,-0.6736,-0.6686,-0.519,-0.7052,-0.683,-0.6745,-0.7176,-0.729,-0.6745,-0.7582,-0.7666,-0.6745,-0.8092,-0.805,-0.6745,-0.815,-0.8219,-0.7851,-0.8261,-0.8471,-0.7851,-0.8645,-0.8608,-0.7851,-0.8877,-0.8948,-0.7851,-0.8857,-0.9076,-0.8778,-0.9034,-0.9105,-0.8778,-0.9332,-0.9172,-0.8778,-0.9352,-0.9256,-0.8778,-0.9112,-0.9285,-0.9137,-0.9705,-0.935,-0.9137,-0.962,-0.9271,-0.9137,-0.9552,-0.9424,-0.9137,-0.9597,-0.9434,-0.9197,-0.9412,-0.9385,-0.9197,-0.9541,-0.9371,-0.9197,-0.933,-0.9319,-0.9197,-0.9012,-0.9076,-0.8689,-0.8904,-0.9118,-0.8689,-0.89,-0.9022,-0.8689,-0.8593,-0.8996,-0.8689,-0.8353,-0.8634,-0.8479,-0.8632,-0.8771,-0.8479,-0.8788,-0.8676,-0.8479,-0.8726,-0.9027,-0.8479,-0.8651,-0.8898,-0.9107,-0.8948,-0.8596,-0.9107,-0.9453,-0.9008,-0.9107,-0.989,-0.9271,-0.9107,-1.0363,-0.943,-1.0542,-1.0991,-0.989,-1.0542,-1.1318,-0.9763,-1.0542,-1.2273,-1.0006,-1.0542,-1.291,-0.9977,-1.3742,-1.4426,-1.1409,-1.3742,-1.5415,-1.1563,-1.3742,-1.6646,-1.2387,-1.3742,-1.7916,-1.2376,-1.8257,-1.924,-1.3493,-1.8257,-1.9984,-1.4644,-1.8257,-2.0802,-1.5072,-1.8257,-2.2002,-1.575,-2.1935,-2.2585,-1.6045,-2.1935,-2.3079,-1.6074,-2.1935,-2.3467,-1.6337,-2.1935,-2.4317,-1.6796,-2.3849,-2.5065,-1.7533,-2.3849,-2.5533,-1.7981,-2.3849,-2.6087,-1.8777,-2.3849,-2.6579,-1.9104,-2.6958,-2.7048,-2.0032,-2.6958,-2.7174,-2.0433,-2.6958,-2.7789,-2.0708,-2.6958,-2.7905,-2.1317,-2.6779,-2.793,-2.114,-2.6779,-2.7781,-2.0787,-2.6779,-2.7444,-2.0897,-2.6779,-2.6218,-2.0343,-2.4566,-2.5847,-1.974,-2.4566,-2.382,-1.9599,-2.4566,-2.2769,-1.8105,-2.4566,-2.0344,-1.7343,-1.9722,-1.756,-1.7119,-1.9722,-1.8438,-1.6535,-1.9722,-1.7296,-1.5492,-1.9722,-1.5493,-1.41,-1.44,-1.3557,-1.3257,-1.44,-1.3079,-1.1272,-1.44,-1.1276,-1.0459,-1.44,-1.0737,-0.838,-0.7522,-0.8715,-0.7226,-0.7522,-0.6343,-0.6504,-0.7522,-0.4939,-0.4342,-0.7522,-0.2839,-0.3556,-0.22,-0.2043,-0.2506,-0.22,-0.1342,-0.2533,-0.22,-0.08,-0.2315,-0.22,-0.1062,-0.2079,-0.0974,-0.1042,-0.1485,-0.0974,-0.1108,-0.1639,-0.0974,-0.1163,-0.1829,-0.0974,-0.112,-0.1815,-0.1811,-0.1366,-0.2246,-0.1811,-0.2199,-0.2563,-0.1811,-0.2444,-0.3147,-0.1811,-0.3248,-0.3994,-0.3934,-0.3776,-0.4618,-0.3934,-0.4435,-0.4989,-0.3934,-0.4921,-0.528,-0.3934,-0.5549,-0.6049,-0.6117,-0.6315,-0.655,-0.6117,-0.6732,-0.6973,-0.6117
2025-08-18,-0.7074,-0.7345,-0.6117,-0.7237,-0.7529,-0.7702,-0.7683,-0.7973,-0.7702,-0.7985,-0.8318,-0.7702,-0.8397,-0.8495,-0.7702,-0.8542,-0.8696,-0.8689,-0.8548,-0.8859,-0.8689,-0.9037,-0.8987,-0.8689,-0.9066,-0.9214,-0.8689,-0.9211,-0.9373,-0.9257,-0.9316,-0.9385,-0.9257,-0.9284,-0.9355,-0.9257,-0.9174,-0.9462,-0.9257,-0.9606,-0.943,-0.9406,-0.9451,-0.9479,-0.9406,-0.9359,-0.9423,-0.9406,-0.9507,-0.9487,-0.9406,-0.9312,-0.9442,-0.9227,-0.9433,-0.9262,-0.9227,-0.9262,-0.9227,-0.9227,-0.8904,-0.9047,-0.9227,-0.8709,-0.8606,-0.7911,-0.8117,-0.836,-0.7911,-0.7869,-0.7847,-0.7911,-0.7339,-0.7243,-0.7911,-0.6271,-0.6289,-0.5579,-0.5609,-0.5756,-0.5579,-0.4998,-0.5495,-0.5579,-0.4436,-0.5092,-0.5579,-0.3625,-0.4697,-0.3844,-0.3301,-0.404,-0.3844,-0.3541,-0.4274,-0.3844,-0.3202,-0.4649,-0.3844,-0.3578,-0.4584,-0.522,-0.419,-0.4716,-0.522,-0.5372,-0.5026,-0.522,-0.6639,-0.642,-0.522,-0.7593,-0.6497,-0.9047,-0.8498,-0.7767,-0.9047,-0.9312,-0.8596,-0.9047,-1.0759,-1.0199,-0.9047,-1.1852,-1.1007,-1.4699,-1.3121,-1.1177,-1.4699,-1.4189,-1.2352,-1.4699,-1.5092,-1.3462,-1.4699,-1.6034,-1.3922,-1.8735,-1.6818,-1.4355,-1.8735,-1.6913,-1.4727,-1.8735,-1.7509,-1.5583,-1.8735,-1.8584,-1.666,-2.1456,-2.0096,-1.7568,-2.1456,-2.0788,-1.8486,-2.1456,-2.1326,-1.9082,-2.1456,-2.0987,-1.8667,-2.3071,-2.1333,-1.8666,-2.3071,-2.1135,-1.8662,-2.3071,-1.9902,-1.8904,-2.3071,-2.0177,-1.9056,-2.334,-2.0487,-1.9163,-2.334,-1.9849,-1.9636,-2.334,-2.0014,-1.9261,-2.334,-1.9531,-1.7709,-2.0918,-1.8909,-1.6922,-2.0918,-1.8195,-1.7216,-2.0918,-1.7314,-1.6313,-2.0918,-1.6384,-1.5415,-1.733,-1.5249,-1.4503,-1.733,-1.4149,-1.3834,-1.733,-1.3324,-1.3194,-1.733,-1.1703,-1.2064,-1.1529,-1.0695,-1.107,-1.1529,-0.9016,-0.9861,-1.1529,-0.7439,-0.8658,-1.1529,-0.5988,-0.7058,-0.4891,-0.4066,-0.498,-0.4891,-0.2093,-0.3617,-0.4891,-0.0883,-0.2125,-0.4891,0.0216,-0.1125,0.0103,0.1631,-0.021,0.0103,0.2506,0.0294,0.0103,0.281,0.0042,0.0103,0.2388,0.0096,0.079,0.2408,-0.0012,0.079,0.2038,-0.0256,0.079,0.2485,-0.0451,0.079,0.1842,-0.0843,-0.0496,0.1502,-0.1176,-0.0496,0.0888,-0.1531,-0.0496,0.04,-0.2164,-0.0496,-0.068,-0.285,-0.3067,-0.125,-0.3463,-0.3067,-0.1734,-0.4192,-0.3067,-0.2508,-0.4762,-0.3067,-0.321,-0.5411,-0.5579,-0.3701,-0.5853,-0.5579,-0.4318,-0.6236,-0.5579
2025-08-19,-0.4973,-0.6607,-0.5579,-0.5188,-0.6924,-0.7193,-0.5702,-0.7472,-0.7193,-0.6073,-0.7726,-0.7193,-0.6114,-0.7956,-0.7193,-0.6444,-0.8234,-0.818,-0.6707,-0.8423,-0.818,-0.6776,-0.8622,-0.818,-0.6861,-0.8825,-0.818,-0.7256,-0.8957,-0.8808,-0.7142,-0.9059,-0.8808,-0.7218,-0.9084,-0.8808,-0.718,-0.9132,-0.8808,-0.7516,-0.9213,-0.9017,-0.7349,-0.9252,-0.9017,-0.751,-0.9263,-0.9017,-0.7323,-0.9384,-0.9017,-0.7591,-0.9201,-0.8928,-0.7346,-0.9256,-0.8928,-0.7428,-0.9077,-0.8928,-0.7355,-0.898,-0.8928,-0.6736,-0.8497,-0.7732,-0.6482,-0.826,-0.7732,-0.6147,-0.7832,-0.7732,-0.5396,-0.7276,-0.7732,-0.4396,-0.6106,-0.5579,-0.4202,-0.5645,-0.5579,-0.35,-0.5014,-0.5579,-0.3165,-0.4724,-0.5579,-0.2353,-0.3909,-0.3695,-0.2101,-0.3298,-0.3695,-0.2581,-0.3485,-0.3695,-0.3036,-0.3006,-0.3695,-0.1897,-0.2663,-0.4203,-0.1268,-0.3446,-0.4203,-0.1491,-0.374,-0.4203,-0.2502,-0.4477,-0.4203,-0.4045,-0.5522,-0.7702,-0.5468,-0.63,-0.7702,-0.633,-0.6934,-0.7702,-0.763,-0.7812,-0.7702,-0.837,-0.7308,-1.2905,-0.9587,-0.8872,-1.2905,-1.036,-0.8946,-1.2905,-1.16,-0.9556,-1.2905,-1.2479,-1.053,-1.6134,-1.3235,-1.0813,-1.6134,-1.2964,-1.0909,-1.6134,-1.3388,-1.1997,-1.6134,-1.4468,-1.2597,-1.9423,-1.5313,-1.2987,-1.9423,-1.5507,-1.3258,-1.9423,-1.3693,-1.3084,-1.9423,-1.0533,-1.4321,-2.1606,-0.9078,-1.444,-2.1606,-0.8016,-1.4125,-2.1606,-0.6643,-1.5234,-2.1606,-0.7392,-1.6031,-2.0978,-0.8463,-1.5287,-2.0978,-0.9377,-1.2871,-2.0978,-1.0193,-1.2558,-2.0978,-0.8721,-1.1135,-1.7659,-0.7518,-1.0722,-1.7659,-0.6812,-0.886,-1.7659,-0.4179,-0.7838,-1.7659,-0.4062,-0.5592,-1.2815,-0.444,-0.4379,-1.2815,-0.3774,-0.3794,-1.2815,-0.2322,-0.3675,-1.2815,-0.3616,-0.2668,-0.7672,-0.377,-0.297,-0.7672,-0.0577,-0.2385,-0.7672,0.1083,-0.1812,-0.7672,0.2363,-0.1144,-0.2619,0.3636,0.0059,-0.2619,0.3904,0.0293,-0.2619,0.4133,0.0835,-0.2619,0.4286,0.0917,0.0521,0.404,0.0853,0.0521,0.3673,0.0801,0.0521,0.3513,0.061,0.0521,0.288,0.0315,0.073,0.2538,-0.0042,0.073,0.2311,-0.0151,0.073,0.1617,-0.0285,0.073,0.1209,-0.0815,-0.0675,0.0356,-0.1036,-0.0675,0.0025,-0.1623,-0.0675,-0.0711,-0.2274,-0.0675,-0.1432,-0.3144,-0.3157,-0.2034,-0.3858,-0.3157,-0.2624,-0.4327,-0.3157,-0.3133,-0.4954,-0.3157,-0.412,-0.5716,-0.5579,-0.4612,-0.6062,-0.5579,-0.5069,-0.6596,-0.5579
2025-08-20,-0.554,-0.5774,-0.5579,-0.5694,-0.5842,-0.7014,-0.6132,-0.6303,-0.7014,-0.6448,-0.6636,-0.7014,-0.6727,-0.6924,-0.7014,-0.6904,-0.7401,-0.7941,-0.7119,-0.7481,-0.7941,-0.7451,-0.7542,-0.7941,-0.7192,-0.7712,-0.7941,-0.742,-0.7906,-0.8599,-0.7301,-0.8146,-0.8599,-0.7254,-0.8128,-0.8599,-0.7553,-0.8205,-0.8599,-0.7616,-0.8265,-0.8748,-0.752,-0.8389,-0.8748,-0.7726,-0.847,-0.8748,-0.7711,-0.8489,-0.8748,-0.7363,-0.8345,-0.8539,-0.7255,-0.8307,-0.8539,-0.7313,-0.8149,-0.8539,-0.7206,-0.8159,-0.8539,-0.6364,-0.7554,-0.7253,-0.6374,-0.7626,-0.7253,-0.587,-0.6853,-0.7253,-0.5241,-0.6232,-0.7253,-0.4307,-0.555,-0.4801,-0.3841,-0.5135,-0.4801,-0.3394,-0.4469,-0.4801,-0.3148,-0.4129,-0.4801,-0.1832,-0.2767,-0.208,-0.148,-0.1994,-0.208,-0.0762,-0.1769,-0.208,-0.0088,-0.1322,-0.208,0.0634,-0.1359,-0.1931,0.1055,-0.1634,-0.1931,0.1087,-0.156,-0.1931,0.1336,-0.1613,-0.1931,0.1382,-0.1586,-0.3964,0.0466,-0.2469,-0.3964,-0.1155,-0.297,-0.3964,-0.508,-0.2861,-0.3964,-0.7633,-0.3014,-0.5698,-0.9489,-0.397,-0.5698,-1.1428,-0.4409,-0.5698,-1.2009,-0.3899,-0.5698,-0.8398,-0.4466,-0.7253,-0.4214,-0.5824,-0.7253,-0.3736,-0.5706,-0.7253,-0.0542,-0.6603,-0.7253,0.2082,-0.6511,-1.0124,0.0483,-0.9219,-1.0124,0.0676,-0.8967,-1.0124,-0.0039,-0.8662,-1.0124,-0.0452,-0.8001,-1.1021,-0.1924,-0.8609,-1.1021,-0.0618,-1.0458,-1.1021,0.0185,-1.0791,-1.1021,0.0118,-1.0927,-1.12,-0.0727,-1.2024,-1.12,-0.0818,-1.0387,-1.12,-0.1346,-0.9384,-1.12,-0.1883,-0.7608,-0.8808,-0.1771,-0.7373,-0.8808,-0.0887,-0.4973,-0.8808,-0.0528,-0.6376,-0.8808,-0.0215,-0.5882,-0.507,-0.0652,-0.5448,-0.507,0.0173,-0.4972,-0.507,0.0525,-0.4899,-0.507,0.0711,-0.3758,-0.3127,0.1471,-0.3425,-0.3127,0.1793,-0.2594,-0.3127,0.2255,-0.3384,-0.3127,0.2693,-0.2427,-0.0137,0.3592,-0.1186,-0.0137,0.4462,-0.1264,-0.0137,0.461,0.0197,-0.0137,0.4914,0.051,0.1478,0.5047,0.0781,0.1478,0.4151,0.1025,0.1478,0.3742,0.0693,0.1478,0.3302,0.0636,0.097,0.2677,0.0729,0.097,0.2574,0.0472,0.097,0.1776,0.0179,0.097,0.1195,-0.0478,-0.0525,0.0556,-0.0906,-0.0525,-0.0694,-0.1456,-0.0525,-0.1185,-0.2113,-0.0525,-0.2267,-0.266,-0.3097,-0.2813,-0.3533,-0.3097,-0.3648,-0.4327,-0.3097,-0.4083,-0.4795,-0.3097,-0.485,-0.5407,-0.5489,-0.5407,-0.5877,-0.5489,-0.5549,-0.6387,-0.5489
2025-08-21,-0.6171,-0.6029,-0.5489,-0.615,-0.6421,-0.7134,-0.6585,-0.6952,-0.7134,-0.6776,-0.7239,-0.7134,-0.711,-0.7404,-0.7134,-0.7274,-0.7597,-0.8061,-0.7306,-0.7776,-0.8061,-0.7676,-0.7919,-0.8061,-0.7708,-0.8192,-0.8061,-0.7733,-0.8336,-0.8599,-0.7725,-0.854,-0.8599,-0.7829,-0.8516,-0.8599,-0.776,-0.8549,-0.8599,-0.7527,-0.8558,-0.8689,-0.7778,-0.8641,-0.8689,-0.7643,-0.8592,-0.8689,-0.798,-0.8582,-0.8689,-0.7666,-0.8471,-0.8419,-0.7841,-0.8408,-0.8419,-0.7517,-0.8312,-0.8419,-0.7521,-0.8211,-0.8419,-0.6718,-0.7741,-0.7164,-0.6511,-0.753,-0.7164,-0.5918,-0.7186,-0.7164,-0.5001,-0.671,-0.7164,-0.4231,-0.5862,-0.4742,-0.3418,-0.5049,-0.4742,-0.2829,-0.4328,-0.4742,-0.2108,-0.3525,-0.4742,-0.0743,-0.2313,-0.1572,-0.0248,-0.1731,-0.1572,0.055,-0.1084,-0.1572,0.0772,-0.0955,-0.1572,0.1356,-0.0649,-0.0974,0.1517,-0.12,-0.0974,0.145,-0.1064,-0.0974,0.1164,-0.1001,-0.0974,0.0619,-0.1201,-0.2768,-0.0495,-0.2263,-0.2768,-0.1473,-0.3361,-0.2768,-0.3775,-0.3815,-0.2768,-0.6193,-0.3653,-0.4891,-0.8323,-0.453,-0.4891,-0.864,-0.6988,-0.4891,-1.0352,-0.8402,-0.4891,-1.3203,-0.8937,-0.6715,-1.3154,-0.8976,-0.6715,-1.1348,-0.8521,-0.6715,-1.134,-0.8482,-0.6715,-1.2639,-0.8111,-0.9017,-1.3337,-0.9816,-0.9017,-1.5342,-0.9859,-0.9017,-1.6862,-0.9657,-0.9017,-1.3916,-0.8706,-0.9615,-1.2643,-0.8703,-0.9615,-1.3853,-1.0318,-0.9615,-1.6613,-1.0875,-0.9615,-1.7263,-1.084,-1.0004,-1.8012,-1.1375,-1.0004,-1.6096,-0.9767,-1.0004,-1.2483,-0.9638,-1.0004,-0.9259,-0.8272,-0.836,-0.5567,-0.7765,-0.836,-0.5451,-0.6523,-0.836,-0.4895,-0.6954,-0.836,-0.4549,-0.6064,-0.525,-0.337,-0.5801,-0.525,-0.1423,-0.5962,-0.525,-0.1131,-0.5045,-0.525,-0.0969,-0.4606,-0.1871,-0.0437,-0.4221,-0.1871,-0.0704,-0.3244,-0.1871,0.0012,-0.4535,-0.1871,0.1255,-0.3226,0.0521,0.2588,-0.2542,0.0521,0.3322,-0.1383,0.0521,0.3232,-0.0455,0.0521,0.2844,0.0619,0.1627,0.2694,0.0502,0.1627,0.2497,0.0716,0.1627,0.1853,0.0494,0.1627,0.2164,0.0599,0.082,0.2009,0.0807,0.082,0.1756,0.032,0.082,0.1583,0.0096,0.082,0.1053,-0.0305,-0.0735,0.0319,-0.0769,-0.0735,-0.0123,-0.1379,-0.0735,-0.0994,-0.2119,-0.0735,-0.1546,-0.2917,-0.3276,-0.2596,-0.3522,-0.3276,-0.3208,-0.4305,-0.3276,-0.3895,-0.4773,-0.3276,-0.4692,-0.5509,-0.5579,-0.5073,-0.595,-0.5579,-0.5399,-0.6341,-0.5579
2025-08-22,-0.5535,-0.6232,-0.5579,-0.5919,-0.6407,-0.7074,-0.6058,-0.6887,-0.7074,-0.6431,-0.7094,-0.7074,-0.6857,-0.7434,-0.7074,-0.6935,-0.7612,-0.8031,-0.7108,-0.7748,-0.8031,-0.7316,-0.802,-0.8031,-0.7271,-0.8414,-0.8031,-0.7253,-0.85,-0.815,-0.7403,-0.865,-0.815,-0.7556,-0.8598,-0.815,-0.7401,-0.8667,-0.815,-0.7586,-0.8636,-0.812,-0.7505,-0.8681,-0.812,-0.7689,-0.8714,-0.812,-0.7575,-0.8863,-0.812,-0.781,-0.8709,-0.7762,-0.7605,-0.8723,-0.7762,-0.7629,-0.8605,-0.7762,-0.726,-0.8567,-0.7762,-0.6833,-0.8193,-0.6536,-0.6468,-0.8095,-0.6536,-0.6002,-0.7633,-0.6536,-0.5205,-0.7012,-0.6536,-0.4271,-0.6207,-0.3964,-0.3489,-0.551,-0.3964,-0.2855,-0.521,-0.3964,-0.2133,-0.4842,-0.3964,-0.0828,-0.3701,-0.22,-0.0497,-0.3714,-0.22,-0.0161,-0.3711,-0.22,-0.0182,-0.2929,-0.22,-0.0463,-0.3264,-0.3157,-0.0896,-0.3108,-0.3157,-0.1935,-0.3845,-0.3157,-0.3779,-0.4143,-0.3157,-0.5081,-0.4962,-0.7193,-0.6882,-0.5934,-0.7193,-0.7861,-0.816,-0.7193,-0.917,-0.8658,-0.7193,-1.0698,-0.9799,-1.3024,-1.1642,-1.037,-1.3024,-1.2842,-1.1411,-1.3024,-1.4429,-1.2306,-1.3024,-1.4846,-1.3012,-1.6403,-1.551,-1.3268,-1.6403,-1.601,-1.3685,-1.6403,-1.6433,-1.3882,-1.6403,-1.7941,-1.5292,-2.0111,-1.9955,-1.5863,-2.0111,-2.0723,-1.7541,-2.0111,-2.1357,-1.8555,-2.0111,-2.1746,-1.7619,-2.1636,-2.1578,-1.8178,-2.1636,-2.1662,-1.8154,-2.1636,-2.1827,-1.744,-2.1636,-2.1513,-1.7688,-2.1726,-2.2399,-1.768,-2.1726,-2.2101,-1.7896,-2.1726,-2.1936,-1.8436,-2.1726,-2.1611,-1.8447,-1.9692,-2.0969,-1.8548,-1.9692,-2.0454,-1.7716,-1.9692,-1.9808,-1.7823,-1.9692,-1.8872,-1.6215,-1.5745,-1.7839,-1.5227,-1.5745,-1.6488,-1.4622,-1.5745,-1.4816,-1.4062,-1.5745,-1.4077,-1.2606,-1.0602,-1.2159,-1.1331,-1.0602,-1.0553,-1.0388,-1.0602,-0.831,-0.9176,-1.0602,-0.6792,-0.721,-0.3605,-0.5611,-0.5655,-0.3605,-0.4096,-0.4667,-0.3605,-0.2173,-0.298,-0.3605,-0.0752,-0.1538,0.097,0.0522,-0.0677,0.097,0.1469,0.0181,0.097,0.1376,0.0224,0.097,0.1435,0.0338,0.1,0.1013,0.0404,0.1,0.065,0.0322,0.1,0.0858,-0.0072,0.1,0.0346,-0.0602,-0.0466,0.003,-0.1143,-0.0466,-0.0856,-0.1801,-0.0466,-0.1495,-0.2422,-0.0466,-0.2141,-0.3176,-0.2858,-0.2913,-0.3742,-0.2858,-0.3377,-0.4242,-0.2858,-0.3586,-0.4801,-0.2858,-0.4721,-0.5435,-0.5041,-0.4953,-0.5648,-0.5041,-0.5338,-0.6139,-0.5041
2025-08-23,-0.5637,-0.5948,-0.5041,-0.5979,-0.6109,-0.6536,-0.6227,-0.6444,-0.6536,-0.6562,-0.7028,-0.6536,-0.6963,-0.7182,-0.6536,-0.772,-0.7472,-0.7672,-0.789,-0.7619,-0.7672,-0.8216,-0.8045,-0.7672,-0.8224,-0.8398,-0.7672,-0.8577,-0.8578,-0.83,-0.8536,-0.8788,-0.83,-0.882,-0.8769,-0.83,-0.8739,-0.8812,-0.83,-0.8803,-0.8782,-0.8419,-0.8842,-0.8956,-0.8419,-0.8965,-0.887,-0.8419,-0.8787,-0.9127,-0.8419,-0.8813,-0.8899,-0.833,-0.8768,-0.8821,-0.833,-0.8805,-0.8678,-0.833,-0.845,-0.8543,-0.833,-0.8291,-0.8373,-0.7492,-0.8221,-0.831,-0.7492,-0.7906,-0.805,-0.7492,-0.754,-0.7938,-0.7492,-0.7031,-0.7586,-0.6476,-0.6857,-0.7447,-0.6476,-0.6808,-0.7209,-0.6476,-0.6321,-0.7522,-0.6476,-0.6073,-0.698,-0.6117,-0.5986,-0.7027,-0.6117,-0.6139,-0.6641,-0.6117,-0.6292,-0.6368,-0.6117,-0.6167,-0.6181,-0.7164,-0.6737,-0.6685,-0.7164,-0.7817,-0.7512,-0.7164,-0.8821,-0.833,-0.7164,-0.9822,-0.8289,-1.0752,-1.0642,-0.9577,-1.0752,-1.147,-1.0613,-1.0752,-1.2977,-1.1542,-1.0752,-1.4362,-1.1783,-1.6224,-1.5781,-1.2388,-1.6224,-1.7286,-1.4591,-1.6224,-1.841,-1.5092,-1.6224,-1.9362,-1.6049,-1.9991,-2.0478,-1.6335,-1.9991,-2.0872,-1.7261,-1.9991,-2.1376,-1.6741,-1.9991,-2.2296,-1.7646,-2.3251,-2.2731,-1.8495,-2.3251,-2.3662,-1.9086,-2.3251,-2.3774,-2.027,-2.3251,-2.4844,-1.9404,-2.5912,-2.5167,-1.9674,-2.5912,-2.5765,-1.9831,-2.5912,-2.576,-1.9797,-2.5912,-2.5757,-2.0465,-2.5942,-2.5922,-2.0434,-2.5942,-2.5691,-2.0563,-2.5942,-2.4061,-2.0652,-2.5942,-2.3219,-2.0281,-2.355,-2.3371,-2.0372,-2.355,-1.8615,-1.9941,-2.355,-1.8485,-1.9534,-2.355,-2.1686,-1.8423,-1.9034,-1.9809,-1.7464,-1.9034,-1.829,-1.6764,-1.9034,-1.6087,-1.566,-1.9034,-1.7048,-1.4423,-1.2905,-1.2451,-1.3386,-1.2905,-1.3778,-1.2244,-1.2905,-1.1789,-1.1524,-1.2905,-1.033,-1.0137,-0.534,-0.8319,-0.862,-0.534,-0.6568,-0.6559,-0.534,-0.4958,-0.5069,-0.534,-0.2956,-0.3797,-0.1123,-0.1601,-0.2555,-0.1123,-0.0753,-0.1839,-0.1123,-0.051,-0.2041,-0.1123,-0.0731,-0.1606,-0.0346,-0.0623,-0.1282,-0.0346,-0.0382,-0.1318,-0.0346,-0.0712,-0.1394,-0.0346,-0.1218,-0.1565,-0.1662,-0.1772,-0.2128,-0.1662,-0.223,-0.2695,-0.1662,-0.2756,-0.3328,-0.1662,-0.3103,-0.3973,-0.3665,-0.386,-0.4504,-0.3665,-0.4203,-0.5008,-0.3665,-0.4758,-0.5332,-0.3665,-0.5125,-0.5915,-0.5698,-0.5672,-0.6318,-0.5698,-0.6147,-0.6673,-0.5698
2025-08-24,-0.6481,-0.672,-0.5698,-0.659,-0.6921,-0.7253,-0.7203,-0.7262,-0.7253,-0.7389,-0.7528,-0.7253,-0.7413,-0.7764,-0.7253,-0.7796,-0.8085,-0.827,-0.8227,-0.8289,-0.827,-0.8434,-0.8471,-0.827,-0.8566,-0.8739,-0.827,-0.8626,-0.8755,-0.8928,-0.8641,-0.9021,-0.8928,-0.886,-0.8957,-0.8928,-0.9132,-0.9015,-0.8928,-0.8732,-0.9026,-0.9107,-0.8986,-0.9134,-0.9107,-0.9046,-0.9072,-0.9107,-0.9109,-0.9186,-0.9107,-0.8948,-0.9149,-0.9017,-0.9228,-0.9056,-0.9017,-0.8985,-0.8859,-0.9017,-0.9321,-0.8936,-0.9017,-0.8568,-0.8719,-0.839,-0.8578,-0.887,-0.839,-0.8458,-0.87,-0.839,-0.8312,-0.8804,-0.839,-0.7747,-0.8546,-0.815,-0.7684,-0.8533,-0.815,-0.7786,-0.8541,-0.815,-0.802,-0.8711,-0.815,-0.7884,-0.8409,-0.8479,-0.7997,-0.8451,-0.8479,-0.8457,-0.8573,-0.8479,-0.8976,-0.8005,-0.8479,-0.948,-0.8198,-1.0034,-1.0115,-0.8445,-1.0034,-1.0729,-0.9221,-1.0034,-1.2054,-1.0058,-1.0034,-1.2996,-0.9712,-1.4011,-1.3883,-1.0786,-1.4011,-1.5331,-1.2031,-1.4011,-1.6569,-1.3227,-1.4011,-1.7549,-1.3435,-1.9931,-1.8948,-1.39,-1.9931,-1.9587,-1.5767,-1.9931,-2.0846,-1.6675,-1.9931,-2.1855,-1.7435,-2.3101,-2.2593,-1.795,-2.3101,-2.3251,-1.8302,-2.3101,-2.3458,-1.7648,-2.3101,-2.4244,-1.8493,-2.5493,-2.5023,-1.9137,-2.5493,-2.6014,-2.0031,-2.5493,-2.6685,-2.0983,-2.5493,-2.7263,-2.1348,-2.7855,-2.7772,-2.1772,-2.7855,-2.7913,-2.1488,-2.7855,-2.8024,-2.1654,-2.7855,-2.8383,-2.2123,-2.7646,-2.841,-2.172,-2.7646,-2.8235,-2.2077,-2.7646,-2.789,-2.1718,-2.7646,-2.7326,-2.147,-2.4148,-2.7205,-2.1052,-2.4148,-2.5995,-2.0609,-2.4148,-2.5425,-1.9601,-2.4148,-2.4313,-1.8964,-1.9333,-2.3102,-1.7974,-1.9333,-2.2135,-1.7388,-1.9333,-2.0485,-1.6245,-1.9333,-1.8791,-1.5176,-1.3383,-1.6856,-1.3717,-1.3383,-1.5104,-1.2652,-1.3383,-1.3112,-1.203,-1.3383,-1.1179,-1.0515,-0.6655,-0.8483,-0.9031,-0.6655,-0.6777,-0.6722,-0.6655,-0.4769,-0.5292,-0.6655,-0.3281,-0.3923,-0.1931,-0.2108,-0.2712,-0.1931,-0.0899,-0.1974,-0.1931,-0.0748,-0.1891,-0.1931,-0.0822,-0.1571,-0.1094,-0.099,-0.0829,-0.1094,-0.0783,-0.0918,-0.1094,-0.0972,-0.1353,-0.1094,-0.1471,-0.1706,-0.226,-0.1656,-0.2424,-0.226,-0.2499,-0.2726,-0.226,-0.3032,-0.3447,-0.226,-0.3829,-0.4375,-0.4443,-0.4381,-0.4894,-0.4443,-0.4967,-0.5524,-0.4443,-0.5428,-0.5925,-0.4443,-0.6211,-0.6724,-0.6506,-0.6444,-0.696,-0.6506,-0.7098,-0.743,-0.6506
2025-08-25,-0.7258,-0.7425,-0.6506,-0.7278,-0.7649,-0.7941,-0.7648,-0.8006,-0.7941,-0.8197,-0.8362,-0.7941,-0.8405,-0.8555,-0.7941,-0.8535,-0.8805,-0.8838,-0.8853,-0.8933,-0.8838,-0.9046,-0.9172,-0.8838,-0.9081,-0.9307,-0.8838,-0.914,-0.9401,-0.9346,-0.9031,-0.9463,-0.9346,-0.8977,-0.9407,-0.9346,-0.913,-0.949,-0.9346,-0.9168,-0.9436,-0.9346,-0.9167,-0.9529,-0.9346,-0.9099,-0.944,-0.9346,-0.9096,-0.9338,-0.9346,-0.9046,-0.934,-0.9017,-0.8819,-0.921,-0.9017,-0.8895,-0.9051,-0.9017,-0.8623,-0.8895,-0.9017,-0.8138,-0.8276,-0.7552,-0.7871,-0.806,-0.7552,-0.7232,-0.7596,-0.7552,-0.6481,-0.6889,-0.7552,-0.5559,-0.592,-0.4323,-0.4734,-0.5207,-0.4323,-0.4153,-0.446,-0.4323,-0.3114,-0.4098,-0.4323,-0.1746,-0.2914,-0.223,-0.1451,-0.292,-0.223,-0.079,-0.2712,-0.223,-0.1008,-0.21,-0.223,-0.2626,-0.2014,-0.3486,-0.3051,-0.2537,-0.3486,-0.4296,-0.3549,-0.3486,-0.5401,-0.4811,-0.3486,-0.6818,-0.5426,-0.7881,-0.8426,-0.6866,-0.7881,-0.9801,-0.7374,-0.7881,-1.0501,-0.8999,-0.7881,-1.0576,-1.0071,-1.3742,-1.2128,-1.0518,-1.3742,-1.3507,-1.0827,-1.3742,-1.5408,-1.2496,-1.3742,-1.6291,-1.3879,-1.7569,-1.7136,-1.354,-1.7569,-1.7167,-1.4486,-1.7569,-1.7712,-1.4429,-1.7569,-1.9097,-1.6234,-2.1815,-2.1064,-1.6814,-2.1815,-2.2107,-1.8066,-2.1815,-2.2498,-1.8313,-2.1815,-2.2168,-1.8488,-2.2264,-2.224,-1.8613,-2.2264,-2.2454,-1.9134,-2.2264,-2.2699,-1.9546,-2.2264,-2.2082,-1.9332,-2.1486,-2.2083,-1.8721,-2.1486,-2.2038,-1.8785,-2.1486,-2.1332,-1.8539,-2.1486,-2.0574,-1.8552,-1.9931,-1.9176,-1.7937,-1.9931,-1.7923,-1.7299,-1.9931,-1.729,-1.691,-1.9931,-1.521,-1.5832,-1.6523,-1.4843,-1.472,-1.6523,-1.2611,-1.4322,-1.6523,-1.2771,-1.292,-1.6523,-1.0977,-1.1489,-1.0483,-0.8089,-1.0171,-1.0483,-0.632,-0.8791,-1.0483,-0.5415,-0.7925,-1.0483,-0.4032,-0.5982,-0.3635,-0.2292,-0.4177,-0.3635,-0.193,-0.2309,-0.3635,-0.1448,-0.1238,-0.3635,-0.0669,-0.0367,0.082,0.0532,0.0167,0.082,0.0484,0.0561,0.082,0.0857,0.0434,0.082,0.1128,0.0294,0.079,0.0786,0.0592,0.079,0.1056,0.0441,0.079,0.0982,0.0115,0.079,0.0178,-0.0447,-0.0735,-0.0545,-0.1135,-0.0735,-0.1094,-0.1549,-0.0735,-0.158,-0.2347,-0.0735,-0.2456,-0.2971,-0.3366,-0.3018,-0.361,-0.3366,-0.392,-0.434,-0.3366,-0.462,-0.4915,-0.3366,-0.5226,-0.5682,-0.5788,-0.5681,-0.6059,-0.5788,-0.629,-0.6602,-0.5788
2025-08-26,-0.6554,-0.6967,-0.5788,-0.7009,-0.7153,-0.7343,-0.6956,-0.7659,-0.7343,-0.7561,-0.7877,-0.7343,-0.7709,-0.8077,-0.7343,-0.7825,-0.8376,-0.83,-0.793,-0.8576,-0.83,-0.8472,-0.8772,-0.83,-0.8203,-0.8998,-0.83,-0.8645,-0.9037,-0.8838,-0.8627,-0.9083,-0.8838,-0.8693,-0.9227,-0.8838,-0.8888,-0.9052,-0.8838,-0.8464,-0.9278,-0.9017,-0.84,-0.9223,-0.9017,-0.899,-0.9145,-0.9017,-0.8604,-0.9196,-0.9017,-0.8601,-0.8983,-0.8808,-0.8627,-0.892,-0.8808,-0.8475,-0.879,-0.8808,-0.8388,-0.8477,-0.8808,-0.7868,-0.7802,-0.7612,-0.7485,-0.7501,-0.7612,-0.6826,-0.7061,-0.7612,-0.6349,-0.6265,-0.7612,-0.509,-0.5365,-0.4532,-0.4498,-0.4624,-0.4532,-0.3504,-0.3721,-0.4532,-0.3258,-0.3455,-0.4532,-0.1776,-0.2316,-0.2379,-0.1623,-0.2007,-0.2379,-0.13,-0.1701,-0.2379,-0.1948,-0.0728,-0.2379,-0.1822,-0.1167,-0.2947,-0.3035,-0.1722,-0.2947,-0.3977,-0.2619,-0.2947,-0.4926,-0.335,-0.2947,-0.6438,-0.4079,-0.7104,-0.8025,-0.5553,-0.7104,-0.9447,-0.6443,-0.7104,-1.05,-0.8408,-0.7104,-1.1467,-0.8231,-1.1978,-1.2814,-0.9613,-1.1978,-1.3669,-1.0214,-1.1978,-1.4629,-1.1973,-1.1978,-1.5564,-1.238,-1.4938,-1.6105,-1.2887,-1.4938,-1.6671,-1.3503,-1.4938,-1.7058,-1.4046,-1.4938,-1.896,-1.5524,-1.8078,-2.0503,-1.5578,-1.8078,-2.095,-1.6429,-1.8078,-2.1493,-1.7457,-1.8078,-2.0916,-1.7301,-1.9154,-2.08,-1.7532,-1.9154,-2.059,-1.7456,-1.9154,-2.0719,-1.7726,-1.9154,-2.0019,-1.7822,-1.8197,-2.0003,-1.681,-1.8197,-2.0021,-1.6552,-1.8197,-1.928,-1.6363,-1.8197,-1.8816,-1.6466,-1.5775,-1.768,-1.5696,-1.5775,-1.7317,-1.4705,-1.5775,-1.6307,-1.382,-1.5775,-1.3741,-1.2748,-1.1768,-1.487,-1.2251,-1.1768,-1.3118,-1.1688,-1.1768,-1.244,-1.0106,-1.1768,-0.9863,-0.9424,-0.7164,-0.8812,-0.813,-0.7164,-0.7302,-0.6566,-0.7164,-0.5078,-0.5902,-0.7164,-0.4683,-0.3782,-0.217,-0.2637,-0.224,-0.217,-0.1885,-0.0815,-0.217,-0.0484,-0.0378,-0.217,0.0676,0.0479,0.1478,0.0652,0.0954,0.1478,0.1241,0.1214,0.1478,0.121,0.0793,0.1478,0.1674,0.057,0.1059,0.1336,0.0848,0.1059,0.1405,0.066,0.1059,0.0839,0.0305,0.1059,0.0641,-0.015,-0.0496,-0.0462,-0.0815,-0.0496,-0.0729,-0.1368,-0.0496,-0.1582,-0.2213,-0.0496,-0.2038,-0.2698,-0.3217,-0.2796,-0.345,-0.3217,-0.3399,-0.4123,-0.3217,-0.4038,-0.4598,-0.3217,-0.4795,-0.5337,-0.5579,-0.553,-0.585,-0.5579,-0.5864,-0.6152,-0.5579
2025-08-27,-0.6362,-0.6381,-0.5579,-0.668,-0.6652,-0.6894,-0.6837,-0.7175,-0.6894,-0.7435,-0.7371,-0.6894,-0.7573,-0.7738,-0.6894,-0.7866,-0.7864,-0.7971,-0.807,-0.7968,-0.7971,-0.8113,-0.8344,-0.7971,-0.8329,-0.8285,-0.7971,-0.8482,-0.8358,-0.8659,-0.8547,-0.8457,-0.8659,-0.8414,-0.8489,-0.8659,-0.877,-0.8476,-0.8659,-0.8699,-0.8694,-0.8808,-0.8616,-0.8491,-0.8808,-0.8739,-0.8523,-0.8808,-0.8626,-0.8608,-0.8808,-0.8717,-0.8354,-0.8659,-0.8486,-0.8289,-0.8659,-0.8326,-0.8162,-0.8659,-0.8411,-0.8027,-0.8659,-0.7978,-0.7273,-0.7343,-0.7473,-0.7019,-0.7343,-0.708,-0.662,-0.7343,-0.6116,-0.5792,-0.7343,-0.5221,-0.4645,-0.4144,-0.4621,-0.4091,-0.4144,-0.3758,-0.3161,-0.4144,-0.3196,-0.3003,-0.4144,-0.1775,-0.1627,-0.1183,-0.1175,-0.0815,-0.1183,-0.1162,-0.0267,-0.1183,-0.0837,0.0162,-0.1183,-0.0736,0.0713,-0.0795,-0.1496,-0.0069,-0.0795,-0.2656,-0.0375,-0.0795,-0.3441,-0.0812,-0.0795,-0.3503,-0.197,-0.3366,-0.5196,-0.2789,-0.3366,-0.6359,-0.3947,-0.3366,-0.7836,-0.4693,-0.3366,-0.9697,-0.3666,-0.522,-1.1666,-0.4589,-0.522,-1.0628,-0.4635,-0.522,-0.7926,-0.5321,-0.522,-0.6528,-0.6507,-0.7283,-1.1266,-0.5573,-0.7283,-1.0465,-0.5128,-0.7283,-0.5373,-0.6424,-0.7283,-0.467,-0.663,-0.9137,-0.3771,-0.7632,-0.9137,-0.3556,-0.6792,-0.9137,-0.2935,-0.7207,-0.9137,0.0082,-0.7873,-1.0333,0.2021,-0.7892,-1.0333,0.2133,-0.8656,-1.0333,0.1867,-0.7982,-1.0333,0.2141,-0.9072,-1.0841,0.154,-0.7978,-1.0841,0.0972,-0.7045,-1.0841,0.0633,-0.5417,-1.0841,0.0649,-0.5004,-1.0662,0.053,-0.4942,-1.0662,-0.1854,-0.4544,-1.0662,-0.4861,-0.4398,-1.0662,-0.8006,-0.3636,-0.7881,-0.9452,-0.3629,-0.7881,-0.9413,-0.335,-0.7881,-0.842,-0.2712,-0.7881,-0.5704,-0.3136,-0.525,-0.4047,-0.2681,-0.525,-0.4325,-0.1564,-0.525,-0.4668,-0.1428,-0.525,-0.5128,-0.1466,-0.1123,-0.334,0.0227,-0.1123,-0.2255,0.0066,-0.1123,-0.1114,0.0747,-0.1123,0.0917,0.1293,0.1598,0.1646,0.123,0.1598,0.1588,0.1563,0.1598,0.1058,0.1224,0.1598,0.1499,0.127,0.1388,0.118,0.1315,0.1388,0.1084,0.1127,0.1388,0.1294,0.0505,0.1388,0.0368,-0.0157,-0.0346,-0.0018,-0.0552,-0.0346,-0.0804,-0.1025,-0.0346,-0.1626,-0.1759,-0.0346,-0.251,-0.2595,-0.3037,-0.3104,-0.325,-0.3037,-0.3493,-0.3717,-0.3037,-0.4218,-0.4305,-0.3037,-0.4717,-0.5194,-0.5489,-0.5281,-0.5588,-0.5489,-0.6103,-0.5932,-0.5489
2025-08-28,-0.6087,-0.6158,-0.5489,-0.6945,-0.6475,-0.7014,-0.7137,-0.6819,-0.7014,-0.7602,-0.7109,-0.7014,-0.7886,-0.7466,-0.7014,-0.7796,-0.7602,-0.7881,-0.8327,-0.7804,-0.7881,-0.8463,-0.8071,-0.7881,-0.8349,-0.8201,-0.7881,-0.8555,-0.8304,-0.8539,-0.8547,-0.853,-0.8539,-0.8448,-0.8424,-0.8539,-0.9067,-0.8555,-0.8539,-0.8494,-0.8647,-0.8629,-0.8515,-0.8582,-0.8629,-0.8632,-0.8596,-0.8629,-0.8513,-0.8674,-0.8629,-0.875,-0.8494,-0.8419,-0.8621,-0.8481,-0.8419,-0.8272,-0.8345,-0.8419,-0.8364,-0.8112,-0.8419,-0.7742,-0.7509,-0.7104,-0.752,-0.7176,-0.7104,-0.6991,-0.6688,-0.7104,-0.6701,-0.5973,-0.7104,-0.5278,-0.484,-0.3396,-0.4674,-0.4095,-0.3396,-0.3607,-0.3322,-0.3396,-0.2973,-0.2907,-0.3396,-0.1594,-0.1562,0.0641,-0.0593,-0.0864,0.0641,0.1063,-0.0054,0.0641,0.2724,0.072,0.0641,0.3378,0.0759,0.2614,0.3946,0.1686,0.2614,0.4968,0.1637,0.2614,0.5098,0.1631,0.2614,0.4307,0.1704,0.2495,0.2784,0.0521,0.2495,0.1294,-0.0066,0.2495,0.1111,0.032,0.2495,0.2242,0.012,0.1388,0.0784,-0.0287,0.1388,0.1136,0.0651,0.1388,0.2105,0.0074,0.1388,0.2865,0.0325,0.0013,0.266,-0.0177,0.0013,0.3829,0.0781,0.0013,0.3332,-0.0568,0.0013,0.2103,-0.0937,-0.3456,0.0775,-0.4389,-0.3456,-0.0399,-0.4028,-0.3456,-0.1448,-0.3653,-0.3456,-0.0811,-0.4464,-0.6446,-0.084,-0.4386,-0.6446,-0.2628,-0.5237,-0.6446,-0.3018,-0.7926,-0.6446,-0.2377,-0.9334,-0.8479,-0.4024,-1.0481,-0.8479,-0.423,-0.9887,-0.8479,-0.3875,-0.7894,-0.8479,-0.4988,-0.6558,-0.7074,-0.718,-0.6634,-0.7074,-0.5398,-0.4821,-0.7074,-0.6077,-0.5303,-0.7074,-0.776,-0.4064,-0.4622,-0.7922,-0.3594,-0.4622,-0.4669,-0.3519,-0.4622,-0.353,-0.3818,-0.4622,-0.2788,-0.388,-0.2379,-0.2251,-0.4015,-0.2379,-0.2275,-0.2933,-0.2379,-0.4447,-0.1899,-0.2379,-0.3538,-0.0688,0.073,-0.1174,-0.0243,0.073,0.0434,0.029,0.073,0.1658,0.077,0.073,0.1989,0.1196,0.2046,0.1799,0.1757,0.2046,0.1853,0.1766,0.2046,0.1859,0.1595,0.2046,0.1796,0.1328,0.1269,0.1862,0.1512,0.1269,0.1636,0.1256,0.1269,0.1148,0.0681,0.1269,0.0465,-0.0128,-0.0615,-0.0077,-0.0524,-0.0615,-0.0788,-0.1169,-0.0615,-0.1483,-0.178,-0.0615,-0.1958,-0.246,-0.3187,-0.3341,-0.3181,-0.3187,-0.3854,-0.382,-0.3187,-0.4577,-0.4394,-0.3187,-0.5246,-0.5088,-0.5609,-0.5565,-0.5601,-0.5609,-0.5909,-0.5818,-0.5609
2025-08-29,-0.6392,-0.6357,-0.5609,-0.6616,-0.6665,-0.7014,-0.6874,-0.7013,-0.7014,-0.7234,-0.7456,-0.7014,-0.7329,-0.7649,-0.7014,-0.7698,-0.7833,-0.7971,-0.7911,-0.7979,-0.7971,-0.8364,-0.8197,-0.7971,-0.8669,-0.8363,-0.7971,-0.8656,-0.8502,-0.8509,-0.8623,-0.8589,-0.8509,-0.8996,-0.8571,-0.8509,-0.8686,-0.8544,-0.8509,-0.8743,-0.8539,-0.8449,-0.8565,-0.8629,-0.8449,-0.8779,-0.8513,-0.8449,-0.8362,-0.8564,-0.8449,-0.8539,-0.8298,-0.8031,-0.851,-0.8289,-0.8031,-0.8162,-0.8152,-0.8031,-0.8155,-0.7876,-0.8031,-0.748,-0.7566,-0.6715,-0.7157,-0.7075,-0.6715,-0.6678,-0.6724,-0.6715,-0.5827,-0.6056,-0.6715,-0.5041,-0.5048,-0.3725,-0.4392,-0.4172,-0.3725,-0.3502,-0.3441,-0.3725,-0.3069,-0.2743,-0.3725,-0.2259,-0.1604,-0.1422,-0.1432,-0.1137,-0.1422,-0.0979,-0.0563,-0.1422,-0.0855,0.0011,-0.1422,-0.1848,-0.0419,-0.232,-0.2081,-0.0526,-0.232,-0.312,-0.1309,-0.232,-0.4455,-0.2276,-0.232,-0.5693,-0.2816,-0.6655,-0.7843,-0.4416,-0.6655,-0.9149,-0.5867,-0.6655,-1.0523,-0.8147,-0.6655,-1.1249,-0.8189,-1.2576,-1.1509,-0.9013,-1.2576,-1.266,-0.981,-1.2576,-1.4649,-1.1457,-1.2576,-1.6044,-1.0895,-1.739,-1.7207,-1.1342,-1.739,-1.8045,-1.1431,-1.739,-1.871,-1.1956,-1.739,-2.0123,-1.3361,-2.1606,-2.1484,-1.4832,-2.1606,-2.2532,-1.5149,-2.1606,-2.2027,-1.5538,-2.1606,-2.2259,-1.5084,-2.1905,-2.3381,-1.5762,-2.1905,-2.3703,-1.5326,-2.1905,-2.3727,-1.4713,-2.1905,-2.3878,-1.4228,-2.053,-2.3983,-1.4488,-2.053,-2.3028,-1.3712,-2.053,-2.3385,-1.3477,-2.053,-2.196,-1.0911,-1.6074,-2.1276,-1.1296,-1.6074,-1.5911,-0.9368,-1.6074,-1.5147,-0.9427,-1.6074,-1.6132,-0.7177,-1.1111,-1.453,-0.6326,-1.1111,-1.3798,-0.6855,-1.1111,-1.1968,-0.5982,-1.1111,-0.8395,-0.521,-0.5997,-0.4843,-0.4355,-0.5997,-0.2907,-0.4064,-0.5997,-0.1687,-0.3516,-0.5997,-0.2006,-0.2098,-0.0735,-0.2475,-0.1111,-0.0735,-0.1541,-0.007,-0.0735,0.032,0.0451,-0.0735,0.1757,0.0767,0.1717,0.1813,0.092,0.1717,0.1774,0.1209,0.1717,0.1935,0.0986,0.1717,0.1375,0.0881,0.1149,0.1648,0.0928,0.1149,0.1418,0.0652,0.1149,0.039,0.0344,0.1149,0.0113,-0.0354,-0.0615,-0.0402,-0.0868,-0.0615,-0.1017,-0.1478,-0.0615,-0.1829,-0.2125,-0.0615,-0.249,-0.2886,-0.3187,-0.2973,-0.3418,-0.3187,-0.3499,-0.4179,-0.3187,-0.4067,-0.4595,-0.3187,-0.4613,-0.5369,-0.5429,-0.5173,-0.5686,-0.5429,-0.5431,-0.6121,-0.5429
2025-08-30,-0.5427,-0.571,-0.5429,-0.5952,-0.5954,-0.6775,-0.6454,-0.6365,-0.6775,-0.6676,-0.6768,-0.6775,-0.7008,-0.6991,-0.6775,-0.7156,-0.7246,-0.7911,-0.7379,-0.75,-0.7911,-0.7697,-0.7833,-0.7911,-0.81,-0.8096,-0.7911,-0.803,-0.8466,-0.8599,-0.8211,-0.8519,-0.8599,-0.8307,-0.8564,-0.8599,-0.84,-0.8638,-0.8599,-0.8613,-0.8439,-0.8808,-0.8317,-0.8576,-0.8808,-0.8787,-0.8549,-0.8808,-0.8496,-0.8736,-0.8808,-0.8834,-0.853,-0.8599,-0.8406,-0.8662,-0.8599,-0.8319,-0.8491,-0.8599,-0.7999,-0.837,-0.8599,-0.7683,-0.8193,-0.7732,-0.7635,-0.8083,-0.7732,-0.7506,-0.7678,-0.7732,-0.7051,-0.7439,-0.7732,-0.6552,-0.7,-0.6476,-0.6269,-0.6612,-0.6476,-0.625,-0.6382,-0.6476,-0.6118,-0.6347,-0.6476,-0.5851,-0.6103,-0.5698,-0.5755,-0.5822,-0.5698,-0.5075,-0.5776,-0.5698,-0.4505,-0.5535,-0.5698,-0.3374,-0.5545,-0.5788,-0.3353,-0.551,-0.5788,-0.3778,-0.5691,-0.5788,-0.555,-0.536,-0.5788,-0.6136,-0.575,-0.8031,-0.6779,-0.6346,-0.8031,-0.7322,-0.7184,-0.8031,-0.9222,-0.7184,-0.8031,-1.0722,-0.6989,-1.2905,-1.0988,-0.856,-1.2905,-1.1473,-0.9782,-1.2905,-1.2506,-1.1103,-1.2905,-1.4668,-1.2424,-1.5805,-1.2759,-1.1378,-1.5805,-1.2256,-1.091,-1.5805,-1.6023,-1.1822,-1.5805,-1.754,-1.3033,-1.9662,-2.1296,-1.4912,-1.9662,-2.1132,-1.5659,-1.9662,-2.2503,-1.5955,-1.9662,-2.3414,-1.4927,-2.2503,-2.3739,-1.3853,-2.2503,-2.481,-1.485,-2.2503,-2.4664,-1.4481,-2.2503,-2.3136,-1.5344,-2.3221,-2.4383,-1.5928,-2.3221,-2.544,-1.6602,-2.3221,-2.6013,-1.6749,-2.3221,-2.5621,-1.7614,-2.2144,-2.4108,-1.8858,-2.2144,-2.1764,-1.7958,-2.2144,-2.1487,-1.7748,-2.2144,-2.1044,-1.732,-1.8197,-2.0067,-1.6357,-1.8197,-1.7559,-1.5386,-1.8197,-1.7103,-1.3985,-1.8197,-1.5991,-1.3458,-1.3144,-1.4621,-1.2311,-1.3144,-1.3533,-1.0993,-1.3144,-1.1671,-1.0356,-1.3144,-0.9591,-0.8967,-0.5908,-0.8033,-0.7138,-0.5908,-0.5828,-0.5792,-0.5908,-0.4133,-0.3856,-0.5908,-0.2168,-0.2527,-0.1273,-0.0907,-0.2006,-0.1273,-0.081,-0.12,-0.1273,-0.058,-0.1398,-0.1273,-0.05,-0.1107,-0.0525,-0.0492,-0.0553,-0.0525,-0.0204,-0.0632,-0.0525,-0.0766,-0.0986,-0.0525,-0.0963,-0.1561,-0.1811,-0.1598,-0.2246,-0.1811,-0.2083,-0.263,-0.1811,-0.264,-0.3251,-0.1811,-0.3039,-0.379,-0.3934,-0.3482,-0.4253,-0.3934,-0.3857,-0.4663,-0.3934,-0.4524,-0.5142,-0.3934,-0.4913,-0.5871,-0.5967,-0.524,-0.5972,-0.5967,-0.5845,-0.6325,-0.5967
2025-08-31,-0.6052,-0.6432,-0.5967,-0.6392,-0.6634,-0.7403,-0.6754,-0.7079,-0.7403,-0.7247,-0.7467,-0.7403,-0.7196,-0.7474,-0.7403,-0.777,-0.7751,-0.8449,-0.7915,-0.8025,-0.8449,-0.8224,-0.808,-0.8449,-0.785,-0.8478,-0.8449,-0.8384,-0.843,-0.9047,-0.8271,-0.8617,-0.9047,-0.8663,-0.8715,-0.9047,-0.8686,-0.8863,-0.9047,-0.8591,-0.8812,-0.9137,-0.8759,-0.8916,-0.9137,-0.8625,-0.8905,-0.9137,-0.8392,-0.9119,-0.9137,-0.8562,-0.8928,-0.9107,-0.8532,-0.8935,-0.9107,-0.8428,-0.8757,-0.9107,-0.8316,-0.8754,-0.9107,-0.8222,-0.8388,-0.8419,-0.8017,-0.853,-0.8419,-0.7642,-0.817,-0.8419,-0.7833,-0.7941,-0.8419,-0.7334,-0.764,-0.7941,-0.7277,-0.8043,-0.7941,-0.7174,-0.7996,-0.7941,-0.706,-0.8023,-0.7941,-0.6947,-0.7597,-0.8419,-0.6998,-0.7847,-0.8419,-0.7335,-0.7927,-0.8419,-0.8169,-0.8017,-0.8419,-0.8163,-0.7874,-1.0303,-0.932,-0.8065,-1.0303,-0.9838,-0.819,-1.0303,-1.1107,-0.8673,-1.0303,-1.2186,-0.8758,-1.3802,-1.3509,-0.9706,-1.3802,-1.4817,-1.0963,-1.3802,-1.6074,-1.2758,-1.3802,-1.6978,-1.2715,-1.8526,-1.8389,-1.3428,-1.8526,-1.9393,-1.4724,-1.8526,-2.0572,-1.5512,-1.8526,-2.1423,-1.6576,-2.2054,-2.2236,-1.7053,-2.2054,-2.2494,-1.7868,-2.2054,-2.3101,-1.7008,-2.2054,-2.3564,-1.7491,-2.5075,-2.4433,-1.8649,-2.5075,-2.5027,-1.9128,-2.5075,-2.5964,-2.0127,-2.5075,-2.6179,-1.9826,-2.7018,-2.6658,-1.9921,-2.7018,-2.6917,-1.9985,-2.7018,-2.727,-2.075,-2.7018,-2.7486,-2.0631,-2.6181,-2.7432,-2.0557,-2.6181,-2.7369,-2.0935,-2.6181,-2.7365,-2.1543,-2.6181,-2.6701,-2.0575,-2.2503,-2.6133,-2.044,-2.2503,-2.5483,-1.9656,-2.2503,-2.4717,-1.875,-2.2503,-2.3745,-1.8559,-1.8676,-2.2244,-1.7729,-1.8676,-2.1083,-1.6638,-1.8676,-1.9501,-1.5603,-1.8676,-1.8044,-1.4693,-1.1828,-1.6214,-1.3407,-1.1828,-1.4554,-1.2098,-1.1828,-1.2647,-1.093,-1.1828,-1.0185,-0.9154,-0.519,-0.794,-0.761,-0.519,-0.5597,-0.533,-0.519,-0.3608,-0.3976,-0.519,-0.2822,-0.2762,-0.1482,-0.157,-0.2028,-0.1482,-0.114,-0.1813,-0.1482,-0.0792,-0.1763,-0.1482,-0.0677,-0.1453,-0.1004,-0.1075,-0.0847,-0.1004,-0.0971,-0.0831,-0.1004,-0.1199,-0.1259,-0.1004,-0.1757,-0.1782,-0.2439,-0.1992,-0.2536,-0.2439,-0.3087,-0.2715,-0.2439,-0.3553,-0.3497,-0.2439,-0.4347,-0.4347,-0.4622,-0.4705,-0.4981,-0.4622,-0.5559,-0.5568,-0.4622,-0.5756,-0.5884,-0.4622,-0.6875,-0.6681,-0.6625,-0.7283,-0.6989,-0.6625,-0.7528,-0.7464,-0.6625
2025-09-01,-0.7594,-0.7335,-0.6625,-0.7916,-0.7505,-0.809,-0.8266,-0.8018,-0.809,-0.8568,-0.8226,-0.809,-0.8687,-0.846,-0.809,-0.8932,-0.8776,-0.8988,-0.9325,-0.8816,-0.8988,-0.9295,-0.9218,-0.8988,-0.9566,-0.9236,-0.8988,-0.9502,-0.9274,-0.9526,-0.9573,-0.9488,-0.9526,-0.9637,-0.93,-0.9526,-0.9573,-0.9477,-0.9526,-0.969,-0.9442,-0.9556,-0.9388,-0.9567,-0.9556,-0.9239,-0.9462,-0.9556,-0.959,-0.9382,-0.9556,-0.921,-0.938,-0.9257,-0.929,-0.9222,-0.9257,-0.9126,-0.9109,-0.9257,-0.8535,-0.8841,-0.9257,-0.8448,-0.8258,-0.7612,-0.7815,-0.8014,-0.7612,-0.7542,-0.7428,-0.7612,-0.673,-0.6651,-0.7612,-0.5966,-0.5631,-0.4054,-0.489,-0.5018,-0.4054,-0.4045,-0.3919,-0.4054,-0.297,-0.3085,-0.4054,-0.2509,-0.196,-0.0376,-0.2014,-0.1269,-0.0376,-0.0985,-0.1068,-0.0376,0.0263,0.0034,-0.0376,0.1223,0.0512,0.1059,0.1757,0.054,0.1059,0.1059,0.0353,0.1059,0.2019,0.0806,0.1059,0.2157,-0.0007,-0.0824,0.1263,-0.0511,-0.0824,0.1389,-0.0346,-0.0824,0.1045,-0.0084,-0.0824,-0.1752,0.0626,-0.208,-0.2059,0.0872,-0.208,-0.0916,0.1369,-0.208,-0.02,0.1927,-0.208,-0.1945,0.0833,-0.226,-0.6787,0.088,-0.226,-0.9431,0.1929,-0.226,-1.002,0.1508,-0.226,-0.8829,0.0638,-0.3994,-0.7643,-0.1026,-0.3994,-0.4725,-0.1823,-0.3994,-0.2623,-0.1896,-0.3994,-0.4908,-0.1215,-0.4682,-0.6643,-0.0176,-0.4682,-0.5053,-0.1073,-0.4682,-0.33,-0.1403,-0.4682,-0.1219,-0.2549,-0.4532,-0.2104,-0.1151,-0.4532,-0.1841,-0.2015,-0.4532,-0.0425,-0.3909,-0.4532,-0.3111,-0.3432,-0.3097,-0.277,-0.3112,-0.3097,-0.4115,-0.2215,-0.3097,-0.692,-0.1909,-0.3097,-0.6901,-0.2356,-0.2349,-0.5188,-0.1679,-0.2349,-0.3874,-0.1147,-0.2349,-0.5898,-0.0933,-0.2349,-0.7935,-0.1304,-0.0555,-0.7153,-0.165,-0.0555,-0.6088,-0.1683,-0.0555,-0.2162,-0.0617,-0.0555,0.0535,-0.0442,0.1837,0.2344,0.0565,0.1837,0.2648,0.1273,0.1837,0.4064,0.1243,0.1837,0.397,0.1354,0.3063,0.3466,0.1357,0.3063,0.2854,0.1496,0.3063,0.2472,0.1458,0.3063,0.1854,0.1166,0.1657,0.094,0.1011,0.1657,0.0763,0.0778,0.1657,0.0117,0.0186,0.1657,-0.047,-0.0304,-0.0675,-0.0891,-0.1159,-0.0675,-0.1771,-0.1601,-0.0675,-0.2145,-0.2097,-0.0675,-0.2998,-0.2983,-0.3575,-0.3507,-0.3606,-0.3575,-0.461,-0.4266,-0.3575,-0.4858,-0.481,-0.3575,-0.5809,-0.5652,-0.5848,-0.6193,-0.6102,-0.5848,-0.6561,-0.6661,-0.5848
2025-09-02,-0.6849,-0.7146,-0.5848,-0.7154,-0.7393,-0.7164,-0.781,-0.7848,-0.7164,-0.7944,-0.8067,-0.7164,-0.8058,-0.832,-0.7164,-0.8033,-0.8511,-0.7941,-0.8347,-0.8693,-0.7941,-0.8615,-0.881,-0.7941,-0.8639,-0.899,-0.7941,-0.8681,-0.9111,-0.8629,-0.8469,-0.9083,-0.8629,-0.8846,-0.9178,-0.8629,-0.8564,-0.9269,-0.8629,-0.8531,-0.9132,-0.8748,-0.8774,-0.9176,-0.8748,-0.8542,-0.9008,-0.8748,-0.8676,-0.9022,-0.8748,-0.8519,-0.879,-0.83,-0.8619,-0.8717,-0.83,-0.8271,-0.835,-0.83,-0.7754,-0.8118,-0.83,-0.7427,-0.7692,-0.6805,-0.6955,-0.7457,-0.6805,-0.663,-0.683,-0.6805,-0.604,-0.6461,-0.6805,-0.4591,-0.5486,-0.3545,-0.3957,-0.469,-0.3545,-0.2997,-0.3726,-0.3545,-0.2234,-0.3072,-0.3545,-0.0652,-0.1674,-0.0316,-0.0102,-0.0942,-0.0316,0.0697,-0.0553,-0.0316,0.0389,-0.0373,-0.0316,0.1021,-0.0308,0.0073,0.0307,-0.0549,0.0073,-0.0408,-0.0476,0.0073,-0.0902,-0.1033,0.0073,-0.2292,-0.1446,-0.3635,-0.4351,-0.2815,-0.3635,-0.4801,-0.3339,-0.3635,-0.6893,-0.3934,-0.3635,-0.673,-0.5139,-0.8509,-0.7194,-0.569,-0.8509,-0.6358,-0.7159,-0.8509,-0.6232,-0.9588,-0.8509,-0.7166,-0.925,-1.2755,-0.9688,-1.0468,-1.2755,-1.0685,-1.0666,-1.2755,-1.2757,-1.1105,-1.2755,-1.7125,-1.3419,-1.7749,-2.0069,-1.5356,-1.7749,-2.1798,-1.6098,-1.7749,-2.2511,-1.6148,-1.7749,-2.2138,-1.6163,-1.9363,-2.1184,-1.6201,-1.9363,-2.1676,-1.6184,-1.9363,-2.2577,-1.7166,-1.9363,-2.2728,-1.6502,-2.035,-2.2913,-1.6314,-2.035,-2.2664,-1.5421,-2.035,-2.1775,-1.6035,-2.035,-2.1871,-1.653,-2.035,-2.1446,-1.694,-2.035,-2.0463,-1.54,-2.035,-2.0054,-1.4292,-2.035,-1.8856,-1.4011,-1.724,-1.781,-1.3161,-1.724,-1.6399,-1.2541,-1.724,-1.5293,-1.1373,-1.724,-1.3741,-1.0641,-1.12,-1.2389,-0.8938,-1.12,-1.0677,-0.7784,-1.12,-0.9201,-0.6931,-1.12,-0.6862,-0.5035,-0.3605,-0.4739,-0.3289,-0.3605,-0.2702,-0.2019,-0.3605,-0.1205,-0.1393,-0.3605,0.044,-0.0624,0.0701,0.083,-0.0185,0.0701,0.0953,0.007,0.0701,0.1058,0.0209,0.0701,0.1233,0.024,0.082,0.156,0.0658,0.082,0.1014,0.0409,0.082,0.037,0.0089,0.082,-0.016,-0.0484,-0.0944,-0.06,-0.1339,-0.0944,-0.1002,-0.1873,-0.0944,-0.1716,-0.2503,-0.0944,-0.2443,-0.3182,-0.3605,-0.311,-0.3849,-0.3605,-0.4005,-0.4614,-0.3605,-0.432,-0.5228,-0.3605,-0.4856,-0.5661,-0.5967,-0.5396,-0.6348,-0.5967,-0.6149,-0.6629,-0.5967
2025-09-03,-0.6449,-0.6546,-0.5967,-0.6589,-0.6806,-0.7223,-0.7016,-0.7274,-0.7223,-0.7517,-0.7641,-0.7223,-0.7501,-0.7861,-0.7223,-0.7979,-0.8083,-0.815,-0.7902,-0.8232,-0.815,-0.8344,-0.8459,-0.815,-0.8456,-0.8413,-0.815,-0.8442,-0.8591,-0.8629,-0.8646,-0.856,-0.8629,-0.8914,-0.8767,-0.8629,-0.8855,-0.8615,-0.8629,-0.8635,-0.8516,-0.8599,-0.8791,-0.8629,-0.8599,-0.8603,-0.8578,-0.8599,-0.8665,-0.8616,-0.8599,-0.8488,-0.8605,-0.824,-0.792,-0.8475,-0.824,-0.7887,-0.8305,-0.824,-0.7573,-0.8148,-0.824,-0.6779,-0.7445,-0.6775,-0.673,-0.7106,-0.6775,-0.6006,-0.6724,-0.6775,-0.5543,-0.5838,-0.6775,-0.4459,-0.4878,-0.3815,-0.3732,-0.4144,-0.3815,-0.3069,-0.3237,-0.3815,-0.2618,-0.2583,-0.3815,-0.0985,-0.1387,-0.1273,-0.0568,-0.1473,-0.1273,0.0382,-0.0962,-0.1273,0.0244,-0.0706,-0.1273,-0.0149,-0.0706,-0.1692,-0.1272,-0.1189,-0.1692,-0.2852,-0.1409,-0.1692,-0.5149,-0.191,-0.1692,-0.694,-0.3037,-0.5878,-0.4907,-0.4752,-0.5878,-0.2239,-0.5876,-0.5878,-0.6897,-0.7407,-0.5878,-1.0464,-0.7816,-1.0453,-0.6636,-0.8582,-1.0453,-0.709,-0.9492,-1.0453,-1.0536,-1.0874,-1.0453,-1.4933,-1.0817,-1.5177,-1.6235,-1.1429,-1.5177,-1.6097,-1.1024,-1.5177,-1.7413,-1.0863,-1.5177,-1.8432,-1.3292,-1.9842,-2.0555,-1.4628,-1.9842,-2.1113,-1.61,-1.9842,-2.1584,-1.7083,-1.9842,-2.1672,-1.646,-2.0918,-2.1959,-1.5827,-2.0918,-2.1991,-1.6842,-2.0918,-2.2042,-1.7123,-2.0918,-2.1832,-1.6705,-2.1755,-2.1628,-1.6518,-2.1755,-2.1111,-1.7208,-2.1755,-2.1156,-1.7101,-2.1755,-2.053,-1.6582,-1.9483,-1.9721,-1.6345,-1.9483,-1.8814,-1.5299,-1.9483,-1.8346,-1.3807,-1.9483,-1.7456,-1.3506,-1.5177,-1.6286,-1.2898,-1.5177,-1.5051,-1.288,-1.5177,-1.3196,-1.1777,-1.5177,-0.9736,-1.0986,-0.9615,-1.0983,-0.9245,-0.9615,-0.8998,-0.8037,-0.9615,-0.6906,-0.6136,-0.9615,-0.5652,-0.4317,-0.3037,-0.3177,-0.2937,-0.3037,-0.1287,-0.1273,-0.3037,0.0147,-0.0746,-0.3037,0.0774,-0.0251,0.1358,0.1433,0.0385,0.1358,0.1786,0.067,0.1358,0.1781,0.0877,0.1358,0.1631,0.067,0.091,0.162,0.086,0.091,0.1294,0.0583,0.091,0.0675,0.0433,0.091,-0.0002,-0.0176,-0.0795,-0.0576,-0.104,-0.0795,-0.1199,-0.1612,-0.0795,-0.1609,-0.2206,-0.0795,-0.2397,-0.2897,-0.3516,-0.3328,-0.3367,-0.3516,-0.4155,-0.4216,-0.3516,-0.4693,-0.4762,-0.3516,-0.559,-0.5473,-0.5848,-0.5846,-0.6009,-0.5848,-0.6566,-0.6383,-0.5848
2025-09-04,-0.6875,-0.6376,-0.5848,-0.6912,-0.6803,-0.7373,-0.7469,-0.714,-0.7373,-0.7747,-0.7509,-0.7373,-0.8091,-0.7754,-0.7373,-0.8337,-0.7872,-0.824,-0.852,-0.8059,-0.824,-0.8747,-0.8306,-0.824,-0.8843,-0.8328,-0.824,-0.8842,-0.8293,-0.8868,-0.8925,-0.8548,-0.8868,-0.8893,-0.8467,-0.8868,-0.8968,-0.8624,-0.8868,-0.9051,-0.8605,-0.8928,-0.8679,-0.8605,-0.8928,-0.8765,-0.8607,-0.8928,-0.8898,-0.8692,-0.8928,-0.8825,-0.8383,-0.8629,-0.8692,-0.8456,-0.8629,-0.8581,-0.8186,-0.8629,-0.8536,-0.794,-0.8629,-0.7872,-0.7279,-0.7223,-0.7577,-0.696,-0.7223,-0.7056,-0.6444,-0.7223,-0.6245,-0.571,-0.7223,-0.52,-0.4375,-0.4114,-0.4312,-0.3579,-0.4114,-0.3459,-0.275,-0.4114,-0.2488,-0.2161,-0.4114,-0.1358,-0.0049,-0.1123,-0.1344,-0.0092,-0.1123,-0.1573,0.1059,-0.1123,-0.1295,0.0822,-0.1123,-0.0806,0.1297,-0.0645,-0.0351,0.0462,-0.0645,-0.018,0.118,-0.0645,-0.023,0.0998,-0.0645,-0.0055,-0.0784,-0.3486,-0.0753,-0.0656,-0.3486,-0.2633,-0.1094,-0.3486,-0.2262,-0.2422,-0.3486,-0.0264,-0.194,-0.6057,-0.414,-0.326,-0.6057,-0.9915,-0.1921,-0.6057,-1.2498,-0.2523,-0.6057,-1.144,-0.3041,-0.8689,-0.8655,-0.2547,-0.8689,-1.0321,-0.1707,-0.8689,-1.4248,-0.3136,-0.8689,-1.3494,-0.4816,-1.2576,-1.1256,-0.6498,-1.2576,-0.8278,-0.632,-1.2576,-0.9488,-0.6509,-1.2576,-0.7058,-0.5567,-1.4011,-0.5699,-0.5912,-1.4011,-0.5093,-0.7017,-1.4011,-0.6488,-0.772,-1.4011,-0.7904,-0.9505,-1.3443,-0.9989,-0.8627,-1.3443,-1.3763,-0.8412,-1.3443,-1.1487,-0.7898,-1.3443,-1.4512,-0.6893,-1.126,-1.7011,-0.7088,-1.126,-1.5309,-0.5696,-1.126,-1.2894,-0.5435,-1.126,-0.7946,-0.3549,-0.6715,-0.3238,-0.4702,-0.6715,-0.3339,-0.4443,-0.6715,-0.0807,-0.3566,-0.6715,0.1026,-0.2468,-0.217,-0.0301,-0.2349,-0.217,-0.1384,-0.209,-0.217,0.0025,-0.0989,-0.217,0.1671,-0.013,0.1179,0.3342,0.0743,0.1179,0.3771,0.1168,0.1179,0.3959,0.1358,0.1179,0.4363,0.1478,0.2734,0.3908,0.1651,0.2734,0.3258,0.1851,0.2734,0.2476,0.169,0.2734,0.1684,0.1972,0.1687,0.1344,0.1713,0.1687,0.1124,0.1411,0.1687,0.0298,0.0901,0.1687,-0.064,0.007,-0.0466,-0.1386,-0.0511,-0.0466,-0.1943,-0.1078,-0.0466,-0.2804,-0.1705,-0.0466,-0.359,-0.2529,-0.3127,-0.4092,-0.3306,-0.3127,-0.4679,-0.391,-0.3127,-0.5182,-0.4456,-0.3127,-0.5213,-0.523,-0.5429,-0.5445,-0.5744,-0.5429,-0.5585,-0.6156,-0.5429
2025-09-05,-0.5942,-0.6143,-0.5429,-0.62,-0.632,-0.6775,-0.6525,-0.6776,-0.6775,-0.6855,-0.7089,-0.6775,-0.6931,-0.726,-0.6775,-0.6994,-0.7552,-0.7612,-0.7069,-0.7605,-0.7612,-0.707,-0.7874,-0.7612,-0.7671,-0.8048,-0.7612,-0.8033,-0.8256,-0.8449,-0.8095,-0.8308,-0.8449,-0.8352,-0.8462,-0.8449,-0.8659,-0.8267,-0.8449,-0.869,-0.8231,-0.833,-0.8585,-0.8346,-0.833,-0.8805,-0.8264,-0.833,-0.8796,-0.8279,-0.833,-0.8683,-0.809,-0.7941,-0.8712,-0.7966,-0.7941,-0.835,-0.7841,-0.7941,-0.8433,-0.7643,-0.7941,-0.761,-0.7241,-0.6446,-0.753,-0.6858,-0.6446,-0.6748,-0.6449,-0.6446,-0.631,-0.5848,-0.6446,-0.5228,-0.5091,-0.3246,-0.4783,-0.4414,-0.3246,-0.3842,-0.3656,-0.3246,-0.3007,-0.2758,-0.3246,-0.1515,-0.1751,-0.0256,-0.0563,-0.1188,-0.0256,0.0287,-0.0637,-0.0256,0.0653,0.0029,-0.0256,0.1037,0.03,-0.0286,0.1076,0.019,-0.0286,0.0672,-0.0081,-0.0286,-0.005,-0.0433,-0.0286,-0.0987,-0.0715,-0.4532,-0.3418,-0.2143,-0.4532,-0.4537,-0.261,-0.4532,-0.5107,-0.3948,-0.4532,-0.5533,-0.5237,-0.9675,-0.7498,-0.533,-0.9675,-0.7204,-0.7499,-0.9675,-1.0422,-0.9706,-0.9675,-1.4375,-1.067,-1.3891,-1.5307,-1.1453,-1.3891,-1.7478,-1.0735,-1.3891,-1.8227,-1.1763,-1.3891,-2.0133,-1.3224,-1.9363,-2.1927,-1.4572,-1.9363,-2.3404,-1.5529,-1.9363,-2.3391,-1.6071,-1.9363,-2.3054,-1.6367,-2.1307,-2.3569,-1.5922,-2.1307,-2.3466,-1.609,-2.1307,-2.3142,-1.7243,-2.1307,-2.3174,-1.7333,-2.1845,-2.369,-1.7696,-2.1845,-2.3359,-1.7401,-2.1845,-2.3202,-1.6188,-2.1845,-2.2155,-1.7163,-1.9483,-2.1961,-1.7152,-1.9483,-2.1302,-1.6314,-1.9483,-2.0624,-1.541,-1.9483,-1.9343,-1.4294,-1.6254,-1.8246,-1.3578,-1.6254,-1.6929,-1.3126,-1.6254,-1.5659,-1.1735,-1.6254,-1.4223,-1.0896,-1.0602,-1.2066,-0.9136,-1.0602,-1.0622,-0.7915,-1.0602,-0.8385,-0.5891,-1.0602,-0.6182,-0.4279,-0.2918,-0.4463,-0.323,-0.2918,-0.2333,-0.1974,-0.2918,-0.0422,-0.0763,-0.2918,0.0666,0.0023,0.1538,0.1538,0.0748,0.1538,0.2192,0.1144,0.1538,0.2162,0.0987,0.1538,0.1783,0.106,0.1508,0.1824,0.1133,0.1508,0.1743,0.0852,0.1508,0.1365,0.0291,0.1508,0.0579,-0.0204,-0.0406,-0.0207,-0.0838,-0.0406,-0.0823,-0.139,-0.0406,-0.154,-0.1937,-0.0406,-0.2466,-0.2714,-0.2918,-0.278,-0.3397,-0.2918,-0.3298,-0.3961,-0.2918,-0.3599,-0.4373,-0.2918,-0.4323,-0.5087,-0.4981,-0.5025,-0.5661,-0.4981,-0.5058,-0.5718,-0.4981
2025-09-06,-0.5495,-0.5839,-0.4981,-0.583,-0.5988,-0.6237,-0.5847,-0.6421,-0.6237,-0.6663,-0.6893,-0.6237,-0.6643,-0.7052,-0.6237,-0.6945,-0.7321,-0.7313,-0.7064,-0.7619,-0.7313,-0.7487,-0.7596,-0.7313,-0.7721,-0.7993,-0.7313,-0.7962,-0.8125,-0.8001,-0.7917,-0.8258,-0.8001,-0.7889,-0.86,-0.8001,-0.7949,-0.838,-0.8001,-0.7811,-0.8189,-0.8061,-0.8053,-0.8374,-0.8061,-0.7919,-0.8364,-0.8061,-0.8011,-0.825,-0.8061,-0.7719,-0.8154,-0.7762,-0.7637,-0.7978,-0.7762,-0.7735,-0.7622,-0.7762,-0.7475,-0.7571,-0.7762,-0.7108,-0.7163,-0.6924,-0.6942,-0.7062,-0.6924,-0.6736,-0.6806,-0.6924,-0.621,-0.6695,-0.6924,-0.6005,-0.6131,-0.5758,-0.5608,-0.6187,-0.5758,-0.5534,-0.6164,-0.5758,-0.5389,-0.5776,-0.5758,-0.4995,-0.5439,-0.534,-0.5132,-0.5569,-0.534,-0.4817,-0.517,-0.534,-0.4659,-0.4676,-0.534,-0.5122,-0.4371,-0.6207,-0.5598,-0.4852,-0.6207,-0.647,-0.5281,-0.6207,-0.7641,-0.5539,-0.6207,-0.9119,-0.5328,-0.9316,-1.0756,-0.7316,-0.9316,-1.1395,-0.8666,-0.9316,-1.3657,-1.0208,-0.9316,-1.4147,-1.0775,-1.4788,-1.5204,-1.1319,-1.4788,-1.696,-1.3022,-1.4788,-1.8609,-1.3592,-1.4788,-1.9287,-1.4554,-1.8735,-1.948,-1.4803,-1.8735,-2.0269,-1.4496,-1.8735,-2.1362,-1.4811,-1.8735,-2.1101,-1.617,-2.2413,-2.23,-1.6884,-2.2413,-2.1808,-1.7743,-2.2413,-2.364,-1.8689,-2.2413,-2.426,-1.8291,-2.3908,-2.4285,-1.8083,-2.3908,-2.4892,-1.7919,-2.3908,-2.4912,-1.7607,-2.3908,-2.4935,-1.842,-2.355,-2.5697,-1.8218,-2.355,-2.5357,-1.9464,-2.355,-2.4978,-1.9428,-2.355,-2.4305,-1.9018,-2.1726,-2.3802,-1.9242,-2.1726,-2.3332,-1.8084,-2.1726,-2.2371,-1.7655,-2.1726,-2.1377,-1.6496,-1.8018,-1.965,-1.6313,-1.8018,-1.8709,-1.5577,-1.8018,-1.6798,-1.3658,-1.8018,-1.4868,-1.2954,-1.1828,-1.3323,-1.1655,-1.1828,-1.1184,-1.0052,-1.1828,-1.0171,-0.8646,-1.1828,-0.7796,-0.7222,-0.4502,-0.4908,-0.5667,-0.4502,-0.2789,-0.3575,-0.4502,-0.1862,-0.2331,-0.4502,-0.0995,-0.1466,-0.0017,-0.0856,-0.077,-0.0017,-0.0381,-0.0528,-0.0017,-0.0529,-0.0507,-0.0017,-0.0384,-0.053,0.0013,-0.0399,-0.0067,0.0013,-0.0681,-0.0358,0.0013,-0.097,-0.0829,0.0013,-0.1637,-0.1446,-0.1662,-0.2306,-0.2366,-0.1662,-0.2414,-0.2394,-0.1662,-0.279,-0.3105,-0.1662,-0.3576,-0.3785,-0.3815,-0.3849,-0.4214,-0.3815,-0.449,-0.4653,-0.3815,-0.5066,-0.4991,-0.3815,-0.5547,-0.5816,-0.5668,-0.5735,-0.5949,-0.5668,-0.6422,-0.6421,-0.5668
2025-09-07,-0.668,-0.6348,-0.5668,-0.689,-0.6486,-0.7074,-0.7298,-0.6952,-0.7074,-0.7346,-0.7217,-0.7074,-0.7643,-0.7456,-0.7074,-0.8037,-0.7763,-0.815,-0.8195,-0.8024,-0.815,-0.8339,-0.809,-0.815,-0.8386,-0.8252,-0.815,-0.8656,-0.8459,-0.8718,-0.864,-0.8549,-0.8718,-0.8809,-0.8831,-0.8718,-0.8923,-0.8733,-0.8718,-0.8492,-0.8791,-0.8958,-0.8947,-0.8898,-0.8958,-0.9012,-0.8828,-0.8958,-0.8833,-0.8981,-0.8958,-0.8835,-0.8865,-0.8808,-0.8793,-0.8865,-0.8808,-0.8578,-0.8748,-0.8808,-0.8575,-0.8697,-0.8808,-0.825,-0.8454,-0.815,-0.8188,-0.865,-0.815,-0.777,-0.8361,-0.815,-0.7441,-0.837,-0.815,-0.7527,-0.8153,-0.7463,-0.7298,-0.7861,-0.7463,-0.7181,-0.7802,-0.7463,-0.7344,-0.775,-0.7463,-0.7137,-0.7421,-0.7582,-0.6952,-0.7201,-0.7582,-0.7106,-0.7122,-0.7582,-0.733,-0.7262,-0.7582,-0.7538,-0.7234,-0.8479,-0.8362,-0.7448,-0.8479,-0.8993,-0.8075,-0.8479,-1.006,-0.8053,-0.8479,-1.0602,-0.8002,-1.1738,-1.1304,-0.8684,-1.1738,-1.3127,-1.0659,-1.1738,-1.48,-1.1312,-1.1738,-1.6007,-1.2628,-1.5775,-1.7965,-1.3531,-1.5775,-1.9275,-1.4261,-1.5775,-2.0688,-1.527,-1.5775,-2.1753,-1.6007,-1.9662,-2.2203,-1.6557,-1.9662,-2.2259,-1.6599,-1.9662,-2.3171,-1.6462,-1.9662,-2.3637,-1.7532,-2.2772,-2.3832,-1.8173,-2.2772,-2.4164,-1.862,-2.2772,-2.5059,-1.9378,-2.2772,-2.5372,-1.9023,-2.4985,-2.627,-1.9431,-2.4985,-2.6694,-2.0163,-2.4985,-2.6935,-2.017,-2.4985,-2.7024,-2.0198,-2.4865,-2.7277,-1.9913,-2.4865,-2.6799,-2.0336,-2.4865,-2.6424,-1.9635,-2.4865,-2.6181,-1.983,-2.2383,-2.595,-2.0053,-2.2383,-2.4739,-1.8843,-2.2383,-2.4197,-1.7307,-2.2383,-2.2875,-1.736,-1.7988,-2.1433,-1.6937,-1.7988,-2.0051,-1.6013,-1.7988,-1.8522,-1.4988,-1.7988,-1.6814,-1.3889,-1.1888,-1.501,-1.2193,-1.1888,-1.3147,-1.0946,-1.1888,-1.1112,-0.9338,-1.1888,-0.9133,-0.7463,-0.4921,-0.6509,-0.5206,-0.4921,-0.4625,-0.3132,-0.4921,-0.2976,-0.24,-0.4921,-0.1932,-0.1368,-0.0765,-0.113,-0.103,-0.0765,-0.0789,-0.054,-0.0765,-0.0928,-0.0739,-0.0765,-0.0901,-0.0482,-0.0525,-0.0831,-0.008,-0.0525,-0.1128,-0.0385,-0.0525,-0.1548,-0.0937,-0.0525,-0.2044,-0.155,-0.211,-0.2983,-0.2354,-0.211,-0.3502,-0.2587,-0.211,-0.4252,-0.3353,-0.211,-0.4306,-0.4315,-0.4532,-0.5279,-0.4813,-0.4532,-0.5708,-0.544,-0.4532,-0.6357,-0.5834,-0.4532,-0.6735,-0.6591,-0.6595,-0.7347,-0.6892,-0.6595,-0.7501,-0.7304,-0.6595
2025-09-08,-0.7902,-0.7473,-0.6595,-0.7942,-0.7623,-0.7821,-0.8454,-0.8004,-0.7821,-0.8447,-0.8356,-0.7821,-0.8675,-0.8498,-0.7821,-0.8918,-0.8873,-0.8689,-0.9318,-0.8904,-0.8689,-0.9332,-0.9153,-0.8689,-0.9629,-0.9208,-0.8689,-0.9322,-0.9201,-0.9406,-0.9636,-0.9218,-0.9406,-0.9492,-0.9132,-0.9406,-0.9614,-0.9309,-0.9406,-0.9481,-0.9212,-0.9496,-0.9536,-0.928,-0.9496,-0.9579,-0.9162,-0.9496,-0.9664,-0.9209,-0.9496,-0.9458,-0.9118,-0.9137,-0.9495,-0.8994,-0.9137,-0.9223,-0.8974,-0.9137,-0.8954,-0.8689,-0.9137,-0.8209,-0.7974,-0.7552,-0.807,-0.7718,-0.7552,-0.7674,-0.706,-0.7552,-0.7001,-0.6422,-0.7552,-0.5724,-0.5293,-0.4054,-0.5188,-0.4364,-0.4054,-0.4099,-0.3483,-0.4054,-0.2863,-0.3002,-0.4054,-0.1759,-0.1412,-0.0466,-0.1238,-0.0854,-0.0466,-0.1152,-0.0272,-0.0466,-0.1229,0.0281,-0.0466,-0.0876,0.1112,0.076,-0.0943,0.1327,0.076,-0.2402,0.1388,0.076,-0.17,0.1824,0.076,-0.1891,0.1389,-0.1393,-0.1672,0.0908,-0.1393,-0.0602,-0.0595,-0.1393,-0.0254,-0.0764,-0.1393,-0.0871,-0.0956,-0.3246,-0.2897,-0.018,-0.3246,-0.3857,-0.1063,-0.3246,-0.4226,-0.1318,-0.3246,-0.4762,-0.205,-0.4293,-0.3979,-0.3025,-0.4293,-0.3568,-0.2554,-0.4293,-0.2983,-0.251,-0.4293,-0.4561,-0.4291,-0.6745,-0.5058,-0.5638,-0.6745,-0.4577,-0.6093,-0.6745,-0.4629,-0.6606,-0.6745,-0.3533,-0.5568,-0.8061,-0.3083,-0.6053,-0.8061,-0.2373,-0.6415,-0.8061,-0.1643,-0.7107,-0.8061,-0.1872,-0.8282,-0.836,-0.1863,-0.8464,-0.836,-0.1746,-0.6879,-0.836,-0.059,-0.6753,-0.836,-0.0003,-0.7007,-0.7791,-0.2323,-0.8237,-0.7791,-0.3725,-0.7472,-0.7791,-0.4425,-0.6853,-0.7791,-0.7257,-0.5484,-0.6356,-0.832,-0.5459,-0.6356,-0.9772,-0.5833,-0.6356,-1.0665,-0.5684,-0.6356,-0.9439,-0.4664,-0.3695,-0.9106,-0.4293,-0.3695,-0.6281,-0.3456,-0.3695,-0.316,-0.2499,-0.3695,-0.1245,-0.124,0.0461,-0.2136,-0.0971,0.0461,-0.0859,0.0194,0.0461,0.0339,0.153,0.0461,0.109,0.1789,0.2584,0.1723,0.2205,0.2584,0.2143,0.2378,0.2584,0.2216,0.1871,0.2584,0.2198,0.1522,0.1358,0.1603,0.162,0.1358,0.1034,0.1234,0.1358,0.0521,0.0583,0.1358,-0.0413,-0.0256,-0.0974,-0.1129,-0.086,-0.0974,-0.1638,-0.15,-0.0974,-0.2183,-0.2138,-0.0974,-0.2844,-0.3027,-0.3755,-0.3794,-0.3416,-0.3755,-0.398,-0.415,-0.3755,-0.5038,-0.4863,-0.3755,-0.5195,-0.5503,-0.6027,-0.6076,-0.6046,-0.6027,-0.6396,-0.6456,-0.6027
2025-09-09,-0.6948,-0.7118,-0.6027,-0.7029,-0.7275,-0.7403,-0.7539,-0.7759,-0.7403,-0.7678,-0.8084,-0.7403,-0.7998,-0.8165,-0.7403,-0.808,-0.8468,-0.821,-0.8233,-0.853,-0.821,-0.8446,-0.876,-0.821,-0.8907,-0.9001,-0.821,-0.8457,-0.8883,-0.9047,-0.8738,-0.9074,-0.9047,-0.8771,-0.9076,-0.9047,-0.8696,-0.9264,-0.9047,-0.8614,-0.9131,-0.9167,-0.8928,-0.9224,-0.9167,-0.8546,-0.9252,-0.9167,-0.8645,-0.9191,-0.9167,-0.8645,-0.9095,-0.8808,-0.828,-0.8871,-0.8808,-0.8286,-0.8847,-0.8808,-0.8107,-0.8415,-0.8808,-0.7683,-0.8039,-0.7403,-0.7082,-0.7807,-0.7403,-0.6891,-0.712,-0.7403,-0.5939,-0.6528,-0.7403,-0.5051,-0.5515,-0.3934,-0.4502,-0.4795,-0.3934,-0.3506,-0.3833,-0.3934,-0.2686,-0.2819,-0.3934,-0.1006,-0.131,0.0372,-0.0678,-0.0688,0.0372,-0.0087,0.0203,0.0372,0.0605,0.0626,0.0372,0.095,0.1537,0.3003,0.1669,0.1968,0.3003,0.1727,0.2318,0.3003,0.0621,0.1953,0.3003,-0.0251,0.1719,0.2614,-0.1128,0.0986,0.2614,-0.1272,-0.0215,0.2614,-0.0498,-0.0443,0.2614,0.0743,-0.0583,0.0103,0.0317,-0.0203,0.0103,-0.1425,-0.0195,0.0103,-0.2173,-0.1281,0.0103,-0.1843,-0.1654,-0.202,-0.0876,-0.2509,-0.202,-0.0797,-0.2623,-0.202,-0.1765,-0.2979,-0.202,-0.496,-0.3703,-0.7492,-0.7778,-0.7301,-0.7492,-1.1217,-0.6988,-0.7492,-1.2474,-0.7491,-0.7492,-1.2471,-0.7042,-1.1918,-1.5297,-0.7078,-1.1918,-1.5758,-0.7986,-1.1918,-1.6402,-0.9115,-1.1918,-1.4802,-0.9212,-1.4699,-1.1214,-1.01,-1.4699,-0.9838,-0.8849,-1.4699,-1.157,-0.7311,-1.4699,-1.2553,-0.7161,-1.437,-1.3096,-0.7354,-1.437,-1.3846,-0.694,-1.437,-1.2378,-0.7136,-1.437,-1.0101,-0.7307,-1.123,-0.9767,-0.7028,-1.123,-1.2165,-0.7504,-1.123,-1.2332,-0.6621,-1.123,-1.2356,-0.5501,-0.6566,-0.9618,-0.4151,-0.6566,-0.7657,-0.2767,-0.6566,-0.5718,-0.2703,-0.6566,-0.4272,-0.2274,-0.1094,-0.2437,-0.1084,-0.1094,-0.0663,-0.0001,-0.1094,0.0047,0.0594,-0.1094,0.0126,0.1018,0.1747,0.0942,0.1407,0.1747,0.1563,0.1463,0.1747,0.204,0.1451,0.1747,0.1906,0.1163,0.097,0.1607,0.114,0.097,0.1244,0.0777,0.097,0.0623,0.0268,0.097,-0.0142,-0.0464,-0.1183,-0.0913,-0.1314,-0.1183,-0.1715,-0.1872,-0.1183,-0.2291,-0.2549,-0.1183,-0.3046,-0.3229,-0.3874,-0.3581,-0.4018,-0.3874,-0.4271,-0.4746,-0.3874,-0.4773,-0.5154,-0.3874,-0.5484,-0.5908,-0.6177,-0.6079,-0.6461,-0.6177,-0.6425,-0.679,-0.6177
2025-09-10,-0.6683,-0.6527,-0.6177,-0.7056,-0.6784,-0.7463,-0.7327,-0.7304,-0.7463,-0.7729,-0.7593,-0.7463,-0.7833,-0.7857,-0.7463,-0.8168,-0.8048,-0.8419,-0.8577,-0.8146,-0.8419,-0.8425,-0.8354,-0.8419,-0.8628,-0.8447,-0.8419,-0.8505,-0.8605,-0.8928,-0.8862,-0.8832,-0.8928,-0.8483,-0.8819,-0.8928,-0.8741,-0.8753,-0.8928,-0.8667,-0.8773,-0.8958,-0.8559,-0.8801,-0.8958,-0.8648,-0.8752,-0.8958,-0.8661,-0.8918,-0.8958,-0.8602,-0.8783,-0.8599,-0.8585,-0.8739,-0.8599,-0.8363,-0.8553,-0.8599,-0.8218,-0.8208,-0.8599,-0.7756,-0.7835,-0.7104,-0.7512,-0.7424,-0.7104,-0.6838,-0.6962,-0.7104,-0.6053,-0.623,-0.7104,-0.478,-0.5368,-0.3874,-0.4342,-0.4361,-0.3874,-0.3191,-0.336,-0.3874,-0.2467,-0.2461,-0.3874,-0.0722,-0.1212,-0.0197,-0.0228,-0.058,-0.0197,0.0827,0.0056,-0.0197,0.094,0.0018,-0.0197,0.1787,0.1257,0.1448,0.2055,0.116,0.1448,0.1305,0.1331,0.1448,0.0513,0.0211,0.1448,0.136,0.0422,0.0671,0.0537,-0.0571,0.0671,-0.0353,-0.0947,0.0671,-0.013,-0.1067,0.0671,-0.1346,-0.1293,-0.1243,-0.2,-0.0855,-0.1243,-0.2525,-0.1676,-0.1243,-0.4078,-0.0891,-0.1243,-0.5758,-0.2273,-0.1931,-0.6112,-0.1857,-0.1931,-0.8635,-0.0345,-0.1931,-1.0313,-0.1566,-0.1931,-0.9732,-0.3685,-0.4801,-1.1139,-0.6813,-0.4801,-1.0917,-0.6626,-0.4801,-1.0317,-0.7097,-0.4801,-1.0386,-0.6644,-0.5908,-1.2055,-0.6703,-0.5908,-1.685,-0.7625,-0.5908,-1.3716,-0.8509,-0.5908,-1.4467,-0.8284,-0.9197,-1.5589,-0.9444,-0.9197,-1.5011,-0.7866,-0.9197,-1.5512,-0.8255,-0.9197,-1.3036,-0.75,-1.0542,-1.6032,-0.7043,-1.0542,-1.4739,-0.6413,-1.0542,-1.0156,-0.664,-1.0542,-0.8969,-0.6304,-0.8748,-1.2843,-0.601,-0.8748,-1.3431,-0.6042,-0.8748,-1.1026,-0.4298,-0.8748,-0.7012,-0.4042,-0.6446,-0.659,-0.406,-0.6446,-0.4634,-0.285,-0.6446,-0.3531,-0.2065,-0.6446,-0.2995,-0.1084,-0.1183,-0.1739,-0.0241,-0.1183,0.0591,0.0904,-0.1183,0.1141,0.1257,-0.1183,0.2084,0.1898,0.2106,0.263,0.1894,0.2106,0.3003,0.2001,0.2106,0.2605,0.1574,0.2106,0.2693,0.1358,0.1328,0.2424,0.1337,0.1328,0.1932,0.1024,0.1328,0.107,0.0448,0.1328,0.0161,0.0012,-0.0884,-0.0699,-0.0798,-0.0884,-0.1412,-0.1539,-0.0884,-0.1837,-0.2001,-0.0884,-0.2709,-0.2807,-0.3545,-0.3234,-0.334,-0.3545,-0.3981,-0.4213,-0.3545,-0.4179,-0.4576,-0.3545,-0.4807,-0.5304,-0.5908,-0.5447,-0.5861,-0.5908,-0.5771,-0.6278,-0.5908
2025-09-11,-0.6107,-0.6472,-0.5908,-0.6517,-0.6843,-0.7403,-0.7049,-0.7246,-0.7403,-0.7426,-0.7671,-0.7403,-0.7712,-0.7846,-0.7403,-0.7926,-0.8054,-0.821,-0.7883,-0.8259,-0.821,-0.8236,-0.8488,-0.821,-0.8536,-0.8523,-0.821,-0.8572,-0.8656,-0.8808,-0.8376,-0.8709,-0.8808,-0.8963,-0.8853,-0.8808,-0.841,-0.8798,-0.8808,-0.8584,-0.8772,-0.8748,-0.8419,-0.8723,-0.8748,-0.8422,-0.8686,-0.8748,-0.843,-0.8785,-0.8748,-0.8254,-0.8583,-0.836,-0.8167,-0.8624,-0.836,-0.8024,-0.8463,-0.836,-0.7748,-0.8106,-0.836,-0.7493,-0.7638,-0.6835,-0.6997,-0.7259,-0.6835,-0.645,-0.688,-0.6835,-0.5596,-0.596,-0.6835,-0.4424,-0.5001,-0.3665,-0.34,-0.4211,-0.3665,-0.1987,-0.3424,-0.3665,-0.1463,-0.2889,-0.3665,-0.0385,-0.1372,-0.0466,0.0375,-0.1018,-0.0466,0.0984,-0.0296,-0.0466,0.083,0.016,-0.0466,0.0528,0.0877,-0.0466,-0.0046,0.0775,-0.0466,-0.1225,0.0076,-0.0466,-0.2263,-0.0632,-0.0466,-0.3513,-0.1586,-0.3994,-0.5415,-0.3154,-0.3994,-0.705,-0.3335,-0.3994,-0.831,-0.5097,-0.3994,-0.9843,-0.6541,-0.8599,-1.1452,-0.7866,-0.8599,-1.2482,-0.886,-0.8599,-1.3699,-1.0647,-0.8599,-1.4538,-1.0864,-1.2695,-1.526,-1.1646,-1.2695,-1.5145,-1.0501,-1.2695,-1.5839,-1.1846,-1.2695,-1.535,-1.2784,-1.8855,-1.4627,-1.6163,-1.8855,-1.5238,-1.7247,-1.8855,-1.7958,-1.7784,-1.8855,-1.8311,-1.7708,-1.9782,-1.7523,-1.7752,-1.9782,-1.8027,-1.7839,-1.9782,-1.7401,-1.827,-1.9782,-1.7328,-1.7544,-1.9483,-1.6153,-1.5917,-1.9483,-1.598,-1.6558,-1.9483,-1.5209,-1.6713,-1.9483,-1.4784,-1.6858,-1.7539,-1.5648,-1.7195,-1.7539,-1.6094,-1.5935,-1.7539,-1.711,-1.4979,-1.7539,-1.671,-1.3062,-1.3503,-1.5496,-1.2447,-1.3503,-1.4318,-1.2622,-1.3503,-1.2688,-1.0831,-1.3503,-1.063,-0.9769,-0.8808,-0.9253,-0.8661,-0.8808,-0.8388,-0.7155,-0.8808,-0.6681,-0.5133,-0.8808,-0.3139,-0.291,-0.1991,-0.1906,-0.2162,-0.1991,-0.0792,-0.0686,-0.1991,0.0922,0.0308,-0.1991,0.2283,0.1408,0.1478,0.282,0.1707,0.1478,0.2819,0.2044,0.1478,0.2932,0.1563,0.1478,0.2423,0.1583,0.1388,0.2161,0.1618,0.1388,0.1644,0.1201,0.1388,0.0911,0.0403,0.1388,0.0126,0.0002,-0.0705,-0.0399,-0.0819,-0.0705,-0.0963,-0.1392,-0.0705,-0.1633,-0.1951,-0.0705,-0.2472,-0.2906,-0.3306,-0.3053,-0.3417,-0.3306,-0.3258,-0.402,-0.3306,-0.4177,-0.4569,-0.3306,-0.4906,-0.5268,-0.5609,-0.5251,-0.5909,-0.5609,-0.5783,-0.6137,-0.5609
2025-09-12,-0.6032,-0.6198,-0.5609,-0.6293,-0.6417,-0.6894,-0.643,-0.695,-0.6894,-0.7219,-0.7359,-0.6894,-0.7127,-0.7499,-0.6894,-0.7291,-0.7631,-0.7762,-0.7604,-0.7777,-0.7762,-0.7677,-0.7897,-0.7762,-0.8073,-0.8054,-0.7762,-0.827,-0.8106,-0.8419,-0.8182,-0.8351,-0.8419,-0.8193,-0.8283,-0.8419,-0.8193,-0.8287,-0.8419,-0.8133,-0.8252,-0.833,-0.7787,-0.823,-0.833,-0.7837,-0.8347,-0.833,-0.7973,-0.8317,-0.833,-0.7576,-0.8072,-0.7911,-0.7582,-0.8067,-0.7911,-0.7633,-0.7723,-0.7911,-0.7429,-0.7427,-0.7911,-0.7093,-0.7123,-0.6356,-0.6659,-0.6809,-0.6356,-0.6241,-0.6305,-0.6356,-0.5531,-0.573,-0.6356,-0.4136,-0.4591,-0.3217,-0.3779,-0.4109,-0.3217,-0.266,-0.3311,-0.3217,-0.1729,-0.2838,-0.3217,-0.0906,-0.1235,-0.0256,0.014,-0.0745,-0.0256,0.0166,-0.0686,-0.0256,0.0267,0.0112,-0.0256,0.0103,0.0179,-0.1333,-0.0356,-0.0069,-0.1333,-0.0776,-0.0586,-0.1333,-0.2108,-0.1867,-0.1333,-0.315,-0.2449,-0.5908,-0.4611,-0.4147,-0.5908,-0.6401,-0.4364,-0.5908,-0.7917,-0.6456,-0.5908,-0.9139,-0.6507,-1.1499,-1.0717,-0.7388,-1.1499,-1.1776,-0.9168,-1.1499,-1.2849,-1.1247,-1.1499,-1.362,-1.1753,-1.5656,-1.453,-1.1645,-1.5656,-1.5158,-1.0883,-1.5656,-1.5994,-1.1924,-1.5656,-1.811,-1.2955,-2.047,-1.93,-1.5852,-2.047,-2.0448,-1.6657,-2.047,-2.0997,-1.6928,-2.047,-2.0951,-1.7611,-2.2294,-1.9792,-1.7549,-2.2294,-2.0074,-1.7488,-2.2294,-2.0082,-1.7419,-2.2294,-2.0088,-1.77,-2.1636,-1.9237,-1.7424,-2.1636,-1.8527,-1.7795,-2.1636,-1.9324,-1.6752,-2.1636,-1.718,-1.6261,-1.8825,-1.2795,-1.5853,-1.8825,-1.5013,-1.568,-1.8825,-1.5666,-1.4774,-1.8825,-1.5333,-1.3182,-1.4908,-1.2171,-1.2486,-1.4908,-1.0097,-1.2039,-1.4908,-1.109,-1.1233,-1.4908,-0.8608,-0.8846,-0.9287,-0.6509,-0.7889,-0.9287,-0.4468,-0.6311,-0.9287,-0.2504,-0.4587,-0.9287,-0.1366,-0.2958,-0.211,0.0086,-0.183,-0.211,0.1164,-0.0725,-0.211,0.1493,0.0245,-0.211,0.2334,0.1144,0.1687,0.292,0.1528,0.1687,0.3362,0.1952,0.1687,0.3449,0.1699,0.1687,0.2923,0.1508,0.1508,0.2121,0.1374,0.1508,0.2126,0.101,0.1508,0.1348,0.0451,0.1508,0.0424,-0.0194,-0.0585,-0.0171,-0.085,-0.0585,-0.0648,-0.1349,-0.0585,-0.1205,-0.1932,-0.0585,-0.1866,-0.277,-0.2977,-0.2687,-0.3345,-0.2977,-0.3099,-0.3777,-0.2977,-0.3623,-0.4344,-0.2977,-0.4309,-0.4884,-0.5011,-0.4572,-0.5421,-0.5011,-0.5107,-0.5821,-0.5011
2025-09-13,-0.5013,-0.5463,-0.5011,-0.5422,-0.5595,-1.9961,-0.567,-0.6103,-1.9961,-0.5796,-0.6446,-1.9961,-0.6261,-0.664,-1.9961,-0.6397,-0.683,-1.9961,-0.6669,-0.7059,-1.9961,-0.7116,-0.7288,-1.9961,-0.7489,-0.7578,-1.9961,-0.753,-0.7524,-1.9961,-0.7554,-0.7809,-1.9961,-0.7615,-0.7914,-1.9961,-0.7638,-0.7829,-1.9961,-0.7652,-0.7814,-1.9961,-0.7661,-0.769,-1.9961,-0.777,-0.7801,-1.9961,-0.8097,-0.7981,-1.9961,-0.7672,-0.7559,-1.9961,-0.7393,-0.7453,-1.9961,-0.7608,-0.7225,-1.9961,-0.7369,-0.7214,-1.9961,-0.705,-0.677,-1.9961,-0.697,-0.678,-1.9961,-0.6597,-0.632,-1.9961,-0.612,-0.6112,-1.9961,-0.574,-0.5417,-1.9961,-0.5401,-0.5638,-1.9961,-0.5328,-0.6029,-1.9961,-0.4572,-0.5873,-1.9961,-0.4331,-0.5356,-1.9961,-0.3777,-0.5116,-1.9961,-0.3698,-0.4999,-1.9961,-0.3801,-0.4488,-1.9961,-0.3811,-0.3829,-1.9961,-0.5211,-0.3779,-1.9961,-0.5766,-0.3932,-1.9961,-0.7423,-0.3519,-1.9961,-0.8749,-0.408,-1.9961,-0.6229,-0.4546,-1.9961,-0.4192,-0.5055,-1.9961,-0.5624,-0.581,-1.9961,-0.5433,-0.4981,-1.9961,-0.7655,-0.5954,-1.9961,-0.7323,-0.6001,-1.9961,-1.0902,-0.5792,-1.9961,-1.2535,-0.7574,-1.9961,-1.1829,-0.5845,-1.9961,-1.2636,-0.538,-1.9961,-1.1402,-0.6207,-1.9961,-1.0787,-0.5895,-1.9961,-1.271,-0.6496,-1.9961,-1.7525,-0.5655,-1.9961,-1.8949,-0.6037,-1.9961,-1.7949,-0.6958,-1.9961,-1.6475,-0.6906,-1.9961,-1.587,-0.7324,-1.9961,-1.3161,-0.6886,-1.9961,-1.1057,-0.7112,-1.9961,-1.0985,-0.7879,-1.9961,-0.9643,-0.7015,-1.9961,-0.987,-0.7958,-1.9961,-1.0983,-0.6977,-1.9961,-1.1111,-0.6742,-1.9961,-1.0676,-0.6331,-1.9961,-0.9743,-0.6524,-1.9961,-0.8358,-0.5819,-1.9961,-0.5264,-0.4718,-1.9961,-0.4112,-0.4643,-1.9961,-0.2712,-0.3538,-1.9961,-0.2315,-0.443,-1.9961,-0.2042,-0.4631,-1.9961,-0.1728,-0.4176,-1.9961,-0.0944,-0.3201,-1.9961,-0.0177,-0.207,-1.9961,0.0782,-0.0872,-1.9961,0.1457,-0.0873,-1.9961,0.1983,0.0039,-1.9961,0.2328,0.0476,-1.9961,0.2,0.0643,-1.9961,0.1745,0.0497,-1.9961,0.1937,0.0419,-1.9961,0.1365,0.0338,-1.9961,0.0971,0.0164,-1.9961,0.0348,-0.0226,-1.9961,-0.0107,-0.0717,-1.9961,-0.0876,-0.1212,-1.9961,-0.1529,-0.1836,-1.9961,-0.1762,-0.2145,-1.9961,-0.2117,-0.2605,-1.9961,-0.2779,-0.3291,-1.9961,-0.3297,-0.3712,-1.9961,-0.3911,-0.4355,-1.9961,-0.4294,-0.467,-1.9961,-0.4852,-0.5137,-1.9961,-0.538,-0.5615,-1.9961,-0.5485,-0.6201,-1.9961
2025-09-14,-0.5922,-0.6188,-1.9961,-0.6187,-0.663,-1.9961,-0.6743,-0.7012,-1.9961,-0.6835,-0.7209,-1.9961,-0.7099,-0.737,-1.9961,-0.7209,-0.7759,-1.9961,-0.7523,-0.7892,-1.9961,-0.7878,-0.8143,-1.9961,-0.7877,-0.8258,-1.9961,-0.838,-0.842,-1.9961,-0.8104,-0.8627,-1.9961,-0.8317,-0.8563,-1.9961,-0.8468,-0.8642,-1.9961,-0.8621,-0.8653,-1.9961,-0.8313,-0.8724,-1.9961,-0.8437,-0.871,-1.9961,-0.8224,-0.8936,-1.9961,-0.8205,-0.8919,-1.9961,-0.8348,-0.89,-1.9961,-0.8309,-0.8815,-1.9961,-0.8004,-0.8729,-1.9961,-0.7877,-0.841,-1.9961,-0.7837,-0.8562,-1.9961,-0.7516,-0.8258,-1.9961,-0.712,-0.8349,-1.9961,-0.713,-0.8245,-1.9961,-0.7169,-0.808,-1.9961,-0.7266,-0.7897,-1.9961,-0.6878,-0.7795,-1.9961,-0.6421,-0.7572,-1.9961,-0.6392,-0.7263,-1.9961,-0.6065,-0.7138,-1.9961,-0.6027,-0.6968,-1.9961,-0.6295,-0.7079,-1.9961,-0.6598,-0.6681,-1.9961,-0.6094,-0.6769,-1.9961,-0.5551,-0.6713,-1.9961,-0.5649,-0.7079,-1.9961,-0.5564,-0.7064,-1.9961,-0.6201,-0.7785,-1.9961,-0.7721,-0.8684,-1.9961,-0.9707,-0.9094,-1.9961,-1.2239,-1.0268,-1.9961,-1.3772,-1.075,-1.9961,-1.5789,-1.3423,-1.9961,-1.6244,-1.3739,-1.9961,-1.8309,-1.4151,-1.9961,-1.9476,-1.3979,-1.9961,-2.0697,-1.4643,-1.9961,-2.1723,-1.5143,-1.9961,-2.0444,-1.7445,-1.9961,-1.7353,-1.722,-1.9961,-1.9903,-1.7874,-1.9961,-1.9571,-1.7665,-1.9961,-1.822,-1.8296,-1.9961,-1.6986,-1.9428,-1.9961,-1.7601,-1.9597,-1.9961,-2.069,-1.8963,-1.9961,-2.4489,-1.8975,-1.9961,-2.4212,-1.8988,-1.9961,-2.3073,-1.894,-1.9961,-2.1551,-1.8255,-1.9961,-2.0543,-1.7971,-1.9961,-1.8663,-1.651,-1.9961,-1.8572,-1.5201,-1.9961,-1.4988,-1.4488,-1.9961,-1.2221,-1.4134,-1.9961,-1.1908,-1.3294,-1.9961,-1.088,-1.2363,-1.9961,-0.9052,-1.1477,-1.9961,-0.6463,-1.0857,-1.9961,-0.5286,-0.9134,-1.9961,-0.4108,-0.7601,-1.9961,-0.34,-0.559,-1.9961,-0.2564,-0.3799,-1.9961,-0.0978,-0.2451,-1.9961,-0.0153,-0.1927,-1.9961,-0.0225,-0.1123,-1.9961,0.0132,-0.0319,-1.9961,0.0523,-0.0418,-1.9961,0.0467,-0.0244,-1.9961,0.0249,-0.021,-1.9961,-0.0252,0.0127,-1.9961,-0.084,-0.0632,-1.9961,-0.123,-0.0923,-1.9961,-0.1876,-0.1678,-1.9961,-0.2515,-0.2569,-1.9961,-0.3332,-0.2717,-1.9961,-0.3803,-0.356,-1.9961,-0.4448,-0.4416,-1.9961,-0.5039,-0.5031,-1.9961,-0.5421,-0.5601,-1.9961,-0.5842,-0.5932,-1.9961,-0.6681,-0.6728,-1.9961,-0.7039,-0.714,-1.9961,-0.7234,-0.7455,-1.9961
2025-09-15,-0.7554,-0.7226,-1.9961,-0.7549,-0.7381,-1.9961,-0.7894,-0.7787,-1.9961,-0.8124,-0.8023,-1.9961,-0.8462,-0.8434,-1.9961,-0.8424,-0.8598,-1.9961,-0.8818,-0.8669,-1.9961,-0.8797,-0.8936,-1.9961,-0.913,-0.8956,-1.9961,-0.8972,-0.9064,-1.9961,-0.9097,-0.9085,-1.9961,-0.9207,-0.9004,-1.9961,-0.9084,-0.9187,-1.9961,-0.8838,-0.9044,-1.9961,-0.9103,-0.9027,-1.9961,-0.8743,-0.9034,-1.9961,-0.8836,-0.9025,-1.9961,-0.8976,-0.9123,-1.9961,-0.8715,-0.8995,-1.9961,-0.8492,-0.8859,-1.9961,-0.8351,-0.874,-1.9961,-0.7788,-0.79,-1.9961,-0.7401,-0.7677,-1.9961,-0.6793,-0.6946,-1.9961,-0.5892,-0.6243,-1.9961,-0.5161,-0.5108,-1.9961,-0.4238,-0.4405,-1.9961,-0.279,-0.3419,-1.9961,-0.1847,-0.2633,-1.9961,-0.0872,-0.1386,-1.9961,0.0003,-0.0534,-1.9961,0.0362,0.0107,-1.9961,0.0861,-0.0168,-1.9961,0.0985,0.0221,-1.9961,-0.0019,-0.0111,-1.9961,-0.0949,-0.0183,-1.9961,-0.2494,-0.1279,-1.9961,-0.3949,-0.2104,-1.9961,-0.5684,-0.3615,-1.9961,-0.7379,-0.4138,-1.9961,-0.8395,-0.5331,-1.9961,-0.9391,-0.6344,-1.9961,-1.0635,-0.6982,-1.9961,-1.114,-0.7687,-1.9961,-1.2176,-0.988,-1.9961,-1.3755,-0.9478,-1.9961,-1.4576,-0.9754,-1.9961,-1.4444,-0.9199,-1.9961,-1.5869,-1.1013,-1.9961,-1.7817,-1.216,-1.9961,-2.0069,-1.454,-1.9961,-2.0427,-1.4823,-1.9961,-2.0805,-1.4604,-1.9961,-1.8897,-1.4884,-1.9961,-2.0433,-1.4845,-1.9961,-1.9758,-1.5225,-1.9961,-2.0404,-1.5147,-1.9961,-2.008,-1.457,-1.9961,-2.0501,-1.3341,-1.9961,-1.9576,-1.4572,-1.9961,-1.9079,-1.397,-1.9961,-1.8838,-1.3032,-1.9961,-1.8394,-1.1909,-1.9961,-1.7622,-1.0903,-1.9961,-1.6555,-0.9912,-1.9961,-1.5786,-0.8408,-1.9961,-1.441,-0.7715,-1.9961,-1.363,-0.8685,-1.9961,-1.153,-0.7956,-1.9961,-0.8462,-0.6448,-1.9961,-0.4537,-0.5784,-1.9961,-0.383,-0.4478,-1.9961,-0.3023,-0.2945,-1.9961,0.0475,-0.1201,-1.9961,0.1201,-0.0138,-1.9961,0.1273,0.1049,-1.9961,0.2378,0.1121,-1.9961,0.2783,0.1655,-1.9961,0.3062,0.2034,-1.9961,0.3337,0.191,-1.9961,0.285,0.1672,-1.9961,0.2165,0.1719,-1.9961,0.1566,0.1406,-1.9961,0.0956,0.088,-1.9961,0.0392,0.0458,-1.9961,-0.0287,-0.0211,-1.9961,-0.1105,-0.093,-1.9961,-0.1786,-0.1375,-1.9961,-0.2056,-0.2072,-1.9961,-0.3064,-0.2843,-1.9961,-0.3803,-0.3469,-1.9961,-0.424,-0.4194,-1.9961,-0.4734,-0.4604,-1.9961,-0.5472,-0.541,-1.9961,-0.6095,-0.5868,-1.9961,-0.654,-0.651,-1.9961
2025-09-16,-0.6819,-0.71,-1.9961,-0.7303,-0.7275,-1.9961,-0.7623,-0.7644,-1.9961,-0.7898,-0.7954,-1.9961,-0.8234,-0.8206,-1.9961,-0.8144,-0.8373,-1.9961,-0.8581,-0.8681,-1.9961,-0.8787,-0.8884,-1.9961,-0.8606,-0.9036,-1.9961,-0.8854,-0.9076,-1.9961,-0.8741,-0.9177,-1.9961,-0.8838,-0.9181,-1.9961,-0.9036,-0.9334,-1.9961,-0.9101,-0.9285,-1.9961,-0.8762,-0.9294,-1.9961,-0.8765,-0.9201,-1.9961,-0.9106,-0.892,-1.9961,-0.8838,-0.8875,-1.9961,-0.8663,-0.8847,-1.9961,-0.8773,-0.8723,-1.9961,-0.8365,-0.8315,-1.9961,-0.7892,-0.7943,-1.9961,-0.7469,-0.7669,-1.9961,-0.7207,-0.7088,-1.9961,-0.6399,-0.6537,-1.9961,-0.5024,-0.5394,-1.9961,-0.4322,-0.4549,-1.9961,-0.3202,-0.3637,-1.9961,-0.231,-0.2824,-1.9961,-0.0979,-0.131,-1.9961,-0.0142,-0.0735,-1.9961,0.0396,0.0036,-1.9961,0.0794,0.0314,-1.9961,0.0887,0.0493,-1.9961,0.0267,0.0122,-1.9961,-0.1048,-0.072,-1.9961,-0.2604,-0.1134,-1.9961,-0.3835,-0.1803,-1.9961,-0.6319,-0.3386,-1.9961,-0.6081,-0.4118,-1.9961,-0.7726,-0.5573,-1.9961,-0.9381,-0.6833,-1.9961,-1.0828,-0.6902,-1.9961,-1.2404,-0.8162,-1.9961,-1.3534,-1.0036,-1.9961,-1.4378,-1.0548,-1.9961,-1.5412,-1.106,-1.9961,-1.5421,-1.0391,-1.9961,-1.6739,-1.2166,-1.9961,-1.8296,-1.2456,-1.9961,-1.9647,-1.4304,-1.9961,-2.0503,-1.4377,-1.9961,-2.1672,-1.3475,-1.9961,-2.1877,-1.4232,-1.9961,-2.1886,-1.4174,-1.9961,-2.1698,-1.4174,-1.9961,-2.1897,-1.4874,-1.9961,-2.0532,-1.4521,-1.9961,-1.7487,-1.2493,-1.9961,-1.5578,-1.2818,-1.9961,-1.1784,-1.1875,-1.9961,-1.1058,-1.1741,-1.9961,-1.3419,-1.0505,-1.9961,-1.078,-0.9004,-1.9961,-0.8833,-0.8583,-1.9961,-0.8507,-0.765,-1.9961,-0.8515,-0.6414,-1.9961,-0.8752,-0.6001,-1.9961,-0.8335,-0.5336,-1.9961,-0.7063,-0.484,-1.9961,-0.5637,-0.4009,-1.9961,-0.3983,-0.3303,-1.9961,-0.1371,-0.245,-1.9961,-0.1085,-0.1041,-1.9961,0.039,-0.0481,-1.9961,0.1386,0.0463,-1.9961,0.2277,0.0867,-1.9961,0.243,0.1669,-1.9961,0.2778,0.194,-1.9961,0.2643,0.179,-1.9961,0.2421,0.1594,-1.9961,0.2283,0.1537,-1.9961,0.1706,0.146,-1.9961,0.1151,0.1005,-1.9961,0.0578,0.0529,-1.9961,-0.0285,-0.0381,-1.9961,-0.0976,-0.1389,-1.9961,-0.1419,-0.1723,-1.9961,-0.206,-0.2305,-1.9961,-0.258,-0.3337,-1.9961,-0.3356,-0.3969,-1.9961,-0.3956,-0.4633,-1.9961,-0.446,-0.5157,-1.9961,-0.4935,-0.5649,-1.9961,-0.5266,-0.6448,-1.9961,-0.5823,-0.6758,-1.9961
2025-09-17,-0.6349,-0.6089,-1.9961,-0.6756,-0.6189,-0.6805,-0.6745,-0.6725,-0.6805,-0.7308,-0.7003,-0.6805,-0.7651,-0.7205,-0.6805,-0.7496,-0.7447,-0.7702,-0.7813,-0.7536,-0.7702,-0.7925,-0.7574,-0.7702,-0.8062,-0.7693,-0.7702,-0.8086,-0.7822,-0.818,-0.812,-0.7867,-0.818,-0.8263,-0.805,-0.818,-0.8195,-0.7879,-0.818,-0.8332,-0.783,-0.809,-0.8065,-0.7686,-0.809,-0.8138,-0.7679,-0.809,-0.8467,-0.778,-0.809,-0.829,-0.7395,-0.7642,-0.7916,-0.7329,-0.7642,-0.7991,-0.7054,-0.7642,-0.738,-0.6951,-0.7642,-0.6984,-0.6474,-0.6147,-0.6785,-0.6197,-0.6147,-0.6224,-0.5695,-0.6147,-0.5615,-0.4864,-0.6147,-0.4303,-0.421,-0.2768,-0.3465,-0.3664,-0.2768,-0.2641,-0.3104,-0.2768,-0.1929,-0.2255,-0.2768,-0.0469,-0.0677,0.0581,0.0841,-0.0438,0.0581,0.1185,0.0012,0.0581,0.1672,0.0616,0.0581,0.1725,0.1304,0.0312,0.0677,0.149,0.0312,-0.0292,0.0972,0.0312,-0.2103,0.0116,0.0312,-0.2837,-0.0704,-0.3516,-0.4189,-0.182,-0.3516,-0.5923,-0.2211,-0.3516,-0.794,-0.3954,-0.3516,-0.9101,-0.3901,-0.7492,-1.0516,-0.4968,-0.7492,-1.1744,-0.5169,-0.7492,-1.2727,-0.5191,-0.7492,-1.3797,-0.6425,-1.0393,-1.4585,-0.7057,-1.0393,-1.5119,-0.7215,-1.0393,-1.5538,-0.8438,-1.0393,-1.7251,-0.928,-1.4699,-1.8467,-1.154,-1.4699,-1.9966,-1.2146,-1.4699,-1.9573,-1.3133,-1.4699,-1.7189,-1.2411,-1.6224,-1.7039,-1.2769,-1.6224,-2.0342,-1.3834,-1.6224,-2.0923,-1.4188,-1.6224,-1.9332,-1.4634,-1.6732,-1.9378,-1.4034,-1.6732,-1.9837,-1.3952,-1.6732,-1.9591,-1.2569,-1.6732,-1.9073,-1.1321,-1.4669,-1.8367,-1.1292,-1.4669,-1.7534,-1.1173,-1.4669,-1.6057,-1.0852,-1.4669,-1.5084,-1.0196,-1.0722,-1.3142,-0.9248,-1.0722,-1.2166,-0.8407,-1.0722,-1.0983,-0.7342,-1.0722,-0.8824,-0.6458,-0.5878,-0.6604,-0.4984,-0.5878,-0.5556,-0.3713,-0.5878,-0.5458,-0.323,-0.5878,-0.3577,-0.2104,0.0132,-0.1451,-0.1468,0.0132,0.0745,0.0076,0.0132,0.1969,0.1,0.0132,0.2741,0.1826,0.2883,0.2673,0.249,0.2883,0.2626,0.2299,0.2883,0.2648,0.2164,0.2883,0.2403,0.1982,0.1657,0.1948,0.1689,0.1657,0.1574,0.1317,0.1657,0.0933,0.0679,0.1657,0.0201,0.0229,-0.0735,-0.0332,-0.0545,-0.0735,-0.1136,-0.1137,-0.0735,-0.1516,-0.1869,-0.0735,-0.2296,-0.2666,-0.3456,-0.2717,-0.3141,-0.3456,-0.4122,-0.3614,-0.3456,-0.4703,-0.4278,-0.3456,-0.5314,-0.4901,-0.5758,-0.581,-0.5479,-0.5758,-0.6079,-0.5748,-0.5758
2025-09-18,-0.6562,-0.6242,-0.5758,-0.6929,-0.6365,-0.7164,-0.7115,-0.6848,-0.7164,-0.7332,-0.7219,-0.7164,-0.7603,-0.7369,-0.7164,-0.7992,-0.7761,-0.8001,-0.8202,-0.7911,-0.8001,-0.8254,-0.8154,-0.8001,-0.8235,-0.8168,-0.8001,-0.8635,-0.8364,-0.8509,-0.8664,-0.8535,-0.8509,-0.8525,-0.8594,-0.8509,-0.871,-0.8344,-0.8509,-0.8523,-0.8557,-0.8449,-0.8545,-0.8609,-0.8449,-0.8561,-0.8608,-0.8449,-0.8519,-0.857,-0.8449,-0.8369,-0.8502,-0.8001,-0.8455,-0.8365,-0.8001,-0.8288,-0.8332,-0.8001,-0.7694,-0.8062,-0.8001,-0.7305,-0.7401,-0.6566,-0.6857,-0.7134,-0.6566,-0.6389,-0.6661,-0.6566,-0.5627,-0.5696,-0.6566,-0.433,-0.4618,-0.3276,-0.3784,-0.3943,-0.3276,-0.2602,-0.3084,-0.3276,-0.176,-0.2388,-0.3276,-0.0453,-0.1079,-0.0077,0.0269,-0.0466,-0.0077,0.1459,0.0208,-0.0077,0.183,0.073,-0.0077,0.1149,0.1126,-0.0286,0.0296,0.0805,-0.0286,-0.0784,-0.016,-0.0286,-0.1929,-0.1111,-0.0286,-0.3488,-0.1915,-0.3844,-0.4819,-0.3277,-0.3844,-0.6513,-0.4248,-0.3844,-0.8228,-0.5339,-0.3844,-0.9333,-0.6784,-0.8629,-1.0763,-0.7517,-0.8629,-1.1788,-0.8734,-0.8629,-1.322,-0.9608,-0.8629,-1.4327,-0.9924,-1.2307,-1.4781,-1.0361,-1.2307,-1.5106,-1.0044,-1.2307,-1.582,-1.1867,-1.2307,-1.7433,-1.2773,-1.6553,-1.9231,-1.5066,-1.6553,-2.008,-1.6011,-1.6553,-2.0544,-1.6444,-1.6553,-2.0526,-1.6532,-1.748,-2.0508,-1.6574,-1.748,-1.9992,-1.7328,-1.748,-2.0226,-1.7553,-1.748,-2.0191,-1.6543,-1.727,-2.0301,-1.5098,-1.727,-1.9699,-1.6469,-1.727,-1.9372,-1.5463,-1.727,-1.8821,-1.365,-1.5357,-1.8282,-1.2961,-1.5357,-1.7279,-1.3081,-1.5357,-1.6475,-1.2107,-1.5357,-1.5369,-1.1233,-1.135,-1.4518,-1.1037,-1.135,-1.3149,-0.9879,-1.135,-1.1978,-0.8622,-1.135,-1.0591,-0.8148,-0.5818,-0.8848,-0.6299,-0.5818,-0.7234,-0.5236,-0.5818,-0.5208,-0.3732,-0.5818,-0.3205,-0.1739,0.0282,-0.128,-0.0804,0.0282,-0.0133,-0.0162,0.0282,0.122,0.1173,0.0282,0.2038,0.1768,0.2913,0.2586,0.2309,0.2913,0.2706,0.2265,0.2913,0.2408,0.2015,0.2913,0.2474,0.201,0.1747,0.1791,0.1597,0.1747,0.1656,0.1105,0.1747,0.1147,0.074,0.1747,0.0027,0.0207,-0.0466,-0.0411,-0.0541,-0.0466,-0.112,-0.1136,-0.0466,-0.2058,-0.1855,-0.0466,-0.2543,-0.2614,-0.3276,-0.3104,-0.3087,-0.3276,-0.4036,-0.3865,-0.3276,-0.4507,-0.428,-0.3276,-0.5267,-0.5132,-0.5549,-0.5885,-0.5507,-0.5549,-0.5857,-0.597,-0.5549
2025-09-19,-0.6336,-0.6273,-0.5549,-0.6702,-0.6425,-0.6865,-0.7263,-0.6952,-0.6865,-0.7316,-0.7208,-0.6865,-0.7823,-0.7368,-0.6865,-0.8017,-0.7619,-0.7702,-0.7997,-0.7746,-0.7702,-0.8358,-0.8052,-0.7702,-0.8769,-0.8151,-0.7702,-0.8476,-0.8149,-0.83,-0.8646,-0.8373,-0.83,-0.8637,-0.8428,-0.83,-0.8694,-0.8447,-0.83,-0.8738,-0.851,-0.836,-0.8554,-0.8554,-0.836,-0.8809,-0.8581,-0.836,-0.873,-0.8634,-0.836,-0.8681,-0.8464,-0.8061,-0.8437,-0.8476,-0.8061,-0.8174,-0.8347,-0.8061,-0.8227,-0.8068,-0.8061,-0.7661,-0.735,-0.6655,-0.734,-0.7001,-0.6655,-0.6704,-0.6618,-0.6655,-0.6294,-0.5663,-0.6655,-0.4892,-0.4497,-0.3426,-0.3903,-0.3813,-0.3426,-0.2962,-0.2841,-0.3426,-0.2177,-0.246,-0.3426,-0.1097,-0.1125,-0.0286,0.0038,-0.0461,-0.0286,0.0548,0.004,-0.0286,0.1075,0.0925,-0.0286,0.086,0.1009,-0.0107,0.0206,0.1297,-0.0107,-0.0791,0.0308,-0.0107,-0.2281,-0.0809,-0.0107,-0.3784,-0.1621,-0.3246,-0.5034,-0.2334,-0.3246,-0.6617,-0.3308,-0.3246,-0.8271,-0.4965,-0.3246,-0.9581,-0.6423,-0.815,-1.0887,-0.7519,-0.815,-1.1705,-0.9104,-0.815,-1.2867,-0.9566,-0.815,-1.4102,-0.9807,-1.1828,-1.4821,-1.0221,-1.1828,-1.509,-1.0544,-1.1828,-1.585,-1.1995,-1.1828,-1.773,-1.2731,-1.5207,-1.8741,-1.4921,-1.5207,-1.9992,-1.574,-1.5207,-2.0299,-1.5992,-1.5207,-2.0177,-1.5822,-1.5805,-2.0248,-1.5851,-1.5805,-1.9926,-1.6096,-1.5805,-1.9953,-1.6471,-1.5805,-1.9918,-1.5662,-1.6074,-1.9857,-1.4344,-1.6074,-1.9573,-1.5793,-1.6074,-1.9604,-1.4662,-1.6074,-1.8826,-1.265,-1.4101,-1.8181,-1.1972,-1.4101,-1.7087,-1.1593,-1.4101,-1.5883,-1.0798,-1.4101,-1.5212,-1.0558,-1.0064,-1.3833,-1.0319,-1.0064,-1.2447,-0.8911,-1.0064,-1.1124,-0.7895,-1.0064,-1.0063,-0.6926,-0.528,-0.7962,-0.5685,-0.528,-0.6216,-0.3892,-0.528,-0.4191,-0.362,-0.528,-0.243,-0.174,0.0252,-0.0598,-0.0635,0.0252,0.1006,0.0578,0.0252,0.1941,0.1812,0.0252,0.2504,0.2129,0.2943,0.2554,0.2247,0.2943,0.3272,0.2504,0.2943,0.3413,0.2134,0.2943,0.29,0.2146,0.1897,0.2521,0.16,0.1897,0.1617,0.1247,0.1897,0.0825,0.0737,0.1897,0.0194,0.0172,-0.0316,-0.0119,-0.0385,-0.0316,-0.0663,-0.0952,-0.0316,-0.1336,-0.1636,-0.0316,-0.2011,-0.2413,-0.2947,-0.2743,-0.2912,-0.2947,-0.312,-0.3544,-0.2947,-0.4085,-0.4134,-0.2947,-0.5072,-0.473,-0.51,-0.5117,-0.5117,-0.51,-0.5618,-0.5482,-0.51
2025-09-20,-0.5826,-0.5777,-0.51,-0.6191,-0.5978,-0.6326,-0.6534,-0.649,-0.6326,-0.6491,-0.6781,-0.6326,-0.7306,-0.6986,-0.6326,-0.7265,-0.7213,-0.7373,-0.765,-0.7464,-0.7373,-0.8053,-0.7817,-0.7373,-0.8236,-0.7999,-0.7373,-0.8084,-0.8166,-0.833,-0.8351,-0.8505,-0.833,-0.8556,-0.8449,-0.833,-0.8627,-0.8511,-0.833,-0.8542,-0.8568,-0.8539,-0.8777,-0.8613,-0.8539,-0.89,-0.8685,-0.8539,-0.8924,-0.8692,-0.8539,-0.8822,-0.8556,-0.839,-0.8769,-0.8506,-0.839,-0.9019,-0.8506,-0.839,-0.8681,-0.8371,-0.839,-0.8428,-0.798,-0.7552,-0.8211,-0.7791,-0.7552,-0.7709,-0.741,-0.7552,-0.7379,-0.7,-0.7552,-0.6957,-0.6369,-0.6117,-0.6681,-0.6194,-0.6117,-0.6354,-0.5412,-0.6117,-0.5949,-0.5419,-0.6117,-0.5283,-0.4628,-0.507,-0.4991,-0.3945,-0.507,-0.4869,-0.3359,-0.507,-0.4102,-0.2905,-0.507,-0.3849,-0.2578,-0.4831,-0.4305,-0.2125,-0.4831,-0.502,-0.2978,-0.4831,-0.6129,-0.3298,-0.4831,-0.6904,-0.3327,-0.7373,-0.7898,-0.4891,-0.7373,-0.8867,-0.5778,-0.7373,-1.0605,-0.7098,-0.7373,-1.1789,-0.791,-1.138,-1.3598,-0.9777,-1.138,-1.4917,-1.0643,-1.138,-1.6082,-1.2045,-1.138,-1.6968,-1.2582,-1.4788,-1.7793,-1.2779,-1.4788,-1.7916,-1.2905,-1.4788,-1.8363,-1.3622,-1.4788,-1.9154,-1.4079,-1.7659,-1.9797,-1.5716,-1.7659,-2.0295,-1.5583,-1.7659,-2.1185,-1.6057,-1.7659,-2.1521,-1.6345,-1.9632,-2.1756,-1.5882,-1.9632,-2.184,-1.7196,-1.9632,-2.2036,-1.7516,-1.9632,-2.2077,-1.706,-1.9005,-2.1943,-1.583,-1.9005,-2.1367,-1.766,-1.9005,-2.1306,-1.6603,-1.9005,-2.0646,-1.5108,-1.6642,-1.9877,-1.4889,-1.6642,-1.9206,-1.3664,-1.6642,-1.842,-1.3634,-1.6642,-1.6291,-1.2688,-1.2337,-1.4822,-1.1175,-1.2337,-1.3832,-0.919,-1.2337,-1.2779,-0.8212,-1.2337,-1.1108,-0.8145,-0.7253,-0.961,-0.7098,-0.7253,-0.763,-0.5699,-0.7253,-0.625,-0.4272,-0.7253,-0.4413,-0.2983,-0.1751,-0.2629,-0.1452,-0.1751,-0.0555,-0.0748,-0.1751,0.0145,0.0035,-0.1751,0.0174,0.0622,0.1,0.0488,0.074,0.1,0.0811,0.1073,0.1,0.0812,0.0803,0.1,0.0519,0.0727,0.0431,0.0115,0.0596,0.0431,-0.0244,0.0035,0.0431,-0.1087,-0.0518,0.0431,-0.1782,-0.0969,-0.1602,-0.1961,-0.1565,-0.1602,-0.2405,-0.1925,-0.1602,-0.3017,-0.2474,-0.1602,-0.3645,-0.3282,-0.3934,-0.3892,-0.377,-0.3934,-0.4439,-0.4247,-0.3934,-0.4908,-0.4581,-0.3934,-0.5444,-0.5223,-0.5878,-0.5725,-0.5685,-0.5878,-0.6168,-0.5947,-0.5878
2025-09-21,-0.6455,-0.619,-0.5878,-0.6572,-0.6535,-0.7134,-0.7121,-0.6922,-0.7134,-0.7316,-0.7247,-0.7134,-0.7698,-0.7455,-0.7134,-0.7992,-0.7632,-0.812,-0.8353,-0.7765,-0.812,-0.8579,-0.8034,-0.812,-0.8557,-0.8278,-0.812,-0.8894,-0.8343,-0.8868,-0.8944,-0.8518,-0.8868,-0.8807,-0.8608,-0.8868,-0.91,-0.8584,-0.8868,-0.9207,-0.8714,-0.9227,-0.9114,-0.8758,-0.9227,-0.9345,-0.8763,-0.9227,-0.9464,-0.9012,-0.9227,-0.9178,-0.8814,-0.9107,-0.9347,-0.8871,-0.9107,-0.9242,-0.891,-0.9107,-0.9365,-0.8841,-0.9107,-0.9107,-0.8737,-0.8509,-0.9006,-0.8615,-0.8509,-0.8825,-0.8423,-0.8509,-0.8556,-0.8261,-0.8509,-0.8364,-0.8044,-0.7732,-0.826,-0.7868,-0.7732,-0.8356,-0.7808,-0.7732,-0.7839,-0.7685,-0.7732,-0.751,-0.7063,-0.7403,-0.7248,-0.6857,-0.7403,-0.7062,-0.6406,-0.7403,-0.7044,-0.633,-0.7403,-0.701,-0.5965,-0.6566,-0.6931,-0.5577,-0.6566,-0.8078,-0.581,-0.6566,-0.9452,-0.5674,-0.6566,-1.0336,-0.6048,-0.8958,-1.1323,-0.6217,-0.8958,-1.2603,-0.7197,-0.8958,-1.3449,-0.8442,-0.8958,-1.2861,-0.897,-1.3084,-1.3487,-0.9353,-1.3084,-1.3933,-0.98,-1.3084,-1.3185,-1.1235,-1.3084,-1.3389,-1.2846,-1.4788,-1.4258,-1.1693,-1.4788,-1.5505,-1.1059,-1.4788,-1.3633,-1.0961,-1.4788,-1.3649,-1.0105,-1.7808,-1.388,-1.2291,-1.7808,-1.3836,-1.1112,-1.7808,-1.1845,-1.1994,-1.7808,-1.2747,-1.2135,-1.9752,-1.4574,-1.1359,-1.9752,-1.5292,-1.1566,-1.9752,-1.4091,-1.3544,-1.9752,-1.3209,-1.3609,-1.8407,-1.3773,-1.3974,-1.8407,-1.4089,-1.2733,-1.8407,-1.4536,-1.2284,-1.8407,-1.3115,-1.1656,-1.4818,-1.0081,-1.1075,-1.4818,-0.9336,-1.0059,-1.4818,-0.7387,-0.9569,-1.4818,-0.5061,-0.9113,-1.0333,-0.3858,-0.7878,-1.0333,-0.3601,-0.7591,-1.0333,-0.3529,-0.726,-1.0333,-0.2258,-0.653,-0.519,-0.1154,-0.5939,-0.519,-0.064,-0.4368,-0.519,0.0064,-0.3916,-0.519,0.0527,-0.2422,-0.0884,0.1101,-0.1803,-0.0884,0.1261,-0.1164,-0.0884,0.1527,-0.0599,-0.0884,0.1645,-0.0402,0.1029,0.1458,0.001,0.1029,0.1617,0.0319,0.1029,0.0674,0.0293,0.1029,0.0259,-0.0081,0.0103,-0.0448,0.0208,0.0103,-0.0933,-0.0405,0.0103,-0.1591,-0.0837,0.0103,-0.2115,-0.1678,-0.1961,-0.2601,-0.2559,-0.1961,-0.3378,-0.2673,-0.1961,-0.3971,-0.3278,-0.1961,-0.4505,-0.4178,-0.4443,-0.5042,-0.4962,-0.4443,-0.5582,-0.5576,-0.4443,-0.6052,-0.5778,-0.4443,-0.6574,-0.6473,-0.6506,-0.7031,-0.6873,-0.6506,-0.744,-0.7297,-0.6506
2025-09-22,-0.7513,-0.6977,-0.6506,-0.7509,-0.7142,-0.7672,-0.7908,-0.7444,-0.7672,-0.8258,-0.7928,-0.7672,-0.8444,-0.7998,-0.7672,-0.8664,-0.8389,-0.8479,-0.8733,-0.8347,-0.8479,-0.9133,-0.8449,-0.8479,-0.9181,-0.8566,-0.8479,-0.9218,-0.8524,-0.9167,-0.9157,-0.8529,-0.9167,-0.9162,-0.8429,-0.9167,-0.9296,-0.8728,-0.9167,-0.9268,-0.8745,-0.9137,-0.9332,-0.8598,-0.9137,-0.9243,-0.8554,-0.9137,-0.9143,-0.8345,-0.9137,-0.903,-0.8378,-0.8778,-0.8923,-0.8157,-0.8778,-0.8571,-0.7946,-0.8778,-0.8432,-0.7569,-0.8778,-0.781,-0.7241,-0.7164,-0.7692,-0.6828,-0.7164,-0.7449,-0.6229,-0.7164,-0.6507,-0.5826,-0.7164,-0.5587,-0.4577,-0.3605,-0.4459,-0.4054,-0.3605,-0.352,-0.3019,-0.3605,-0.2776,-0.2119,-0.3605,-0.1116,-0.0828,0.0342,-0.0259,0.0405,0.0342,0.0588,0.0668,0.0342,0.1242,0.1721,0.0342,0.2031,0.1894,0.2136,0.2394,0.2518,0.2136,0.2963,0.2547,0.2136,0.2993,0.2562,0.2136,0.2604,0.2262,0.0431,0.1863,0.189,0.0431,0.1327,0.1114,0.0431,0.0961,0.0576,0.0431,0.0597,0.11,-0.1632,-0.0577,0.0505,-0.1632,-0.2879,0.0664,-0.1632,-0.4182,-0.0428,-0.1632,-0.5027,-0.0801,-0.3217,-0.502,-0.1471,-0.3217,-0.5179,-0.1083,-0.3217,-0.6647,-0.3069,-0.3217,-1.0063,-0.4115,-0.821,-1.4025,-0.6688,-0.821,-1.5539,-0.5832,-0.821,-1.7188,-0.5794,-0.821,-1.7396,-0.522,-1.0214,-1.8165,-0.5113,-1.0214,-1.8198,-0.7191,-1.0214,-1.8869,-0.7244,-1.0214,-1.8107,-0.8218,-0.9974,-1.5799,-0.807,-0.9974,-1.6366,-0.6168,-0.9974,-1.4383,-0.5494,-0.9974,-0.6906,-0.5029,-0.7672,-0.0375,-0.505,-0.7672,0.1048,-0.4164,-0.7672,-0.581,-0.3978,-0.7672,-0.9546,-0.3234,-0.6207,-0.9418,-0.3666,-0.6207,-0.9582,-0.3402,-0.6207,-0.9621,-0.3538,-0.6207,-0.8577,-0.3335,-0.2469,-0.5418,-0.2702,-0.2469,-0.0932,-0.1219,-0.2469,0.1243,-0.0356,-0.2469,0.2141,0.051,0.2465,0.1604,0.1125,0.2465,0.1419,0.2337,0.2465,0.1511,0.2765,0.2465,0.1771,0.2815,0.384,0.2498,0.2781,0.384,0.2908,0.3175,0.384,0.276,0.26,0.384,0.2108,0.2203,0.2166,0.165,0.201,0.2166,0.1102,0.1468,0.2166,0.021,0.0953,0.2166,-0.0793,0.0385,-0.0376,-0.1151,-0.0098,-0.0376,-0.1684,-0.0531,-0.0376,-0.2185,-0.0942,-0.0376,-0.3347,-0.1865,-0.3187,-0.3938,-0.2428,-0.3187,-0.4315,-0.3239,-0.3187,-0.4982,-0.3653,-0.3187,-0.587,-0.4316,-0.5609,-0.5996,-0.4709,-0.5609,-0.6815,-0.5285,-0.5609
2025-09-23,-0.6937,-0.6793,-0.5609,-0.7091,-0.6745,-0.6924,-0.7508,-0.7421,-0.6924,-0.7773,-0.7396,-0.6924,-0.8082,-0.7587,-0.6924,-0.8218,-0.7817,-0.7762,-0.8638,-0.7918,-0.7762,-0.8532,-0.8142,-0.7762,-0.8797,-0.8162,-0.7762,-0.8592,-0.8171,-0.83,-0.9102,-0.8245,-0.83,-0.8787,-0.8414,-0.83,-0.8817,-0.8399,-0.83,-0.8741,-0.8543,-0.833,-0.8913,-0.8222,-0.833,-0.8768,-0.8267,-0.833,-0.8841,-0.8117,-0.833,-0.8432,-0.8122,-0.7881,-0.8532,-0.7959,-0.7881,-0.8303,-0.7563,-0.7881,-0.7946,-0.7338,-0.7881,-0.7665,-0.7035,-0.6267,-0.7215,-0.6759,-0.6267,-0.6796,-0.6398,-0.6267,-0.6078,-0.5624,-0.6267,-0.4921,-0.4482,-0.2678,-0.437,-0.4112,-0.2678,-0.3257,-0.307,-0.2678,-0.2255,-0.2119,-0.2678,-0.0548,-0.0921,0.1358,0.0486,0.0252,0.1358,0.1037,0.064,0.1358,0.2176,0.1544,0.1358,0.2444,0.1718,0.2345,0.1783,0.2427,0.2345,0.2045,0.1639,0.2345,0.2623,0.1144,0.2345,0.1268,0.1283,-0.0645,0.1252,0.0257,-0.0645,0.076,-0.0169,-0.0645,0.0233,-0.1757,-0.0645,-0.195,-0.2108,-0.4323,-0.2236,-0.2649,-0.4323,-0.3093,-0.2489,-0.4323,-0.4569,-0.278,-0.4323,-0.5202,-0.328,-0.7433,-0.6109,-0.2012,-0.7433,-0.5147,-0.1376,-0.7433,-0.531,-0.2142,-0.7433,-0.9491,-0.2902,-1.1469,-1.1705,-0.4598,-1.1469,-1.2179,-0.431,-1.1469,-1.2488,-0.5349,-1.1469,-1.6111,-0.5094,-1.2127,-1.536,-0.534,-1.2127,-1.8072,-0.6671,-1.2127,-1.9499,-0.6001,-1.2127,-1.9786,-0.5626,-1.0632,-1.7602,-0.7729,-1.0632,-1.4585,-0.7421,-1.0632,-0.8525,-0.7179,-1.0632,-0.9858,-0.5992,-0.7732,-0.8619,-0.6113,-0.7732,-1.0634,-0.5448,-0.7732,-1.1781,-0.5371,-0.7732,-1.2781,-0.3965,-0.51,-1.2323,-0.305,-0.51,-1.0951,-0.3518,-0.51,-1.0054,-0.3546,-0.51,-0.8714,-0.258,-0.0854,-0.8183,-0.2146,-0.0854,-0.5966,-0.0762,-0.0854,-0.3321,-0.1473,-0.0854,-0.2574,0.0007,0.381,0.0253,0.073,0.381,0.0757,0.1446,0.381,0.2114,0.1924,0.381,0.3229,0.2551,0.4707,0.3574,0.2922,0.4707,0.3684,0.3096,0.4707,0.3406,0.2484,0.4707,0.2774,0.2255,0.2883,0.1995,0.2133,0.2883,0.1535,0.1602,0.2883,0.0869,0.0849,0.2883,0.0005,0.02,0.0312,-0.04,-0.0894,0.0312,-0.0841,-0.1388,0.0312,-0.1792,-0.1735,0.0312,-0.2282,-0.2628,-0.232,-0.3024,-0.3329,-0.232,-0.3631,-0.386,-0.232,-0.4201,-0.4301,-0.232,-0.4953,-0.4906,-0.4562,-0.5194,-0.5384,-0.4562,-0.5765,-0.5929,-0.4562
2025-09-24,-0.6179,-0.5633,-0.4562,-0.6587,-0.5633,-0.5938,-0.6873,-0.6051,-0.5938,-0.7015,-0.6406,-0.5938,-0.7295,-0.6431,-0.5938,-0.731,-0.6762,-0.6745,-0.7465,-0.6837,-0.6745,-0.7687,-0.6872,-0.6745,-0.7695,-0.7036,-0.6745,-0.7401,-0.6805,-0.7522,-0.7546,-0.6969,-0.7522,-0.7634,-0.6914,-0.7522,-0.7425,-0.6892,-0.7522,-0.7443,-0.6689,-0.7492,-0.7705,-0.6554,-0.7492,-0.7591,-0.6676,-0.7492,-0.7262,-0.6797,-0.7492,-0.7533,-0.6442,-0.7014,-0.7055,-0.6663,-0.7014,-0.7125,-0.6242,-0.7014,-0.685,-0.6079,-0.7014,-0.6337,-0.5601,-0.5429,-0.6568,-0.5196,-0.5429,-0.587,-0.4585,-0.5429,-0.497,-0.3995,-0.5429,-0.3969,-0.2505,-0.214,-0.296,-0.1822,-0.214,-0.2106,-0.1031,-0.214,-0.1084,-0.0213,-0.214,0.0245,0.0733,0.1807,0.1497,0.1665,0.1807,0.2063,0.191,0.1807,0.2956,0.2435,0.1807,0.3531,0.2446,0.3033,0.4235,0.3141,0.3033,0.3435,0.2109,0.3033,0.2779,0.0939,0.3033,0.1871,0.0983,0.1,0.1022,-0.0053,0.1,0.137,-0.0442,0.1,0.1786,-0.0188,0.1,0.2265,-0.0605,-0.2439,0.1195,-0.1839,-0.2439,-0.0059,-0.2972,-0.2439,-0.0799,-0.1636,-0.2439,-0.4047,-0.3075,-0.522,-0.5719,-0.3101,-0.522,-1.1632,-0.283,-0.522,-1.5191,-0.4146,-0.522,-1.5875,-0.4353,-0.9885,-1.7089,-0.6392,-0.9885,-1.7595,-0.6678,-0.9885,-1.6243,-0.6601,-0.9885,-1.4728,-0.6509,-1.0901,-1.1873,-0.6215,-1.0901,-1.1638,-0.6611,-1.0901,-1.0223,-0.8422,-1.0901,-1.1068,-0.8181,-1.0692,-1.2251,-0.8683,-1.0692,-0.8812,-0.8651,-1.0692,-0.6828,-0.7887,-1.0692,-0.6664,-0.5902,-0.8928,-0.8356,-0.4973,-0.8928,-0.9135,-0.4347,-0.8928,-0.7805,-0.3998,-0.8928,-0.5207,-0.2841,-0.6745,-0.4429,-0.2909,-0.6745,-0.6143,-0.3303,-0.6745,-0.828,-0.3438,-0.6745,-0.7311,-0.3163,-0.2559,-0.4803,-0.2052,-0.2559,-0.3148,-0.0894,-0.2559,-0.1036,0.0345,-0.2559,0.1846,0.1716,0.3212,0.36,0.1867,0.3212,0.4219,0.2722,0.3212,0.4823,0.3381,0.3212,0.527,0.4036,0.4618,0.5157,0.4144,0.4618,0.5275,0.4156,0.4618,0.4524,0.4481,0.4618,0.3944,0.4203,0.3362,0.322,0.4064,0.3362,0.2637,0.3615,0.3362,0.2024,0.3133,0.3362,0.1444,0.1765,0.085,0.0591,0.0933,0.085,-0.0152,0.068,0.085,-0.0457,0.0137,0.085,-0.1391,-0.0507,-0.1841,-0.2054,-0.1134,-0.1841,-0.2916,-0.1386,-0.1841,-0.3053,-0.2149,-0.1841,-0.3886,-0.2926,-0.4173,-0.399,-0.3503,-0.4173,-0.4581,-0.397,-0.4173
2025-09-25,-0.5101,-0.4868,-0.4173,-0.5202,-0.5347,-0.5579,-0.5657,-0.5655,-0.5579,-0.5795,-0.5877,-0.5579,-0.632,-0.6024,-0.5579,-0.6283,-0.6112,-0.6356,-0.6494,-0.6155,-0.6356,-0.6829,-0.6371,-0.6356,-0.6999,-0.6712,-0.6356,-0.6748,-0.6564,-0.6894,-0.701,-0.6729,-0.6894,-0.7059,-0.6874,-0.6894,-0.6977,-0.696,-0.6894,-0.691,-0.6525,-0.6775,-0.7094,-0.6367,-0.6775,-0.6681,-0.6484,-0.6775,-0.6857,-0.6467,-0.6775,-0.6556,-0.6131,-0.6177,-0.6565,-0.6119,-0.6177,-0.6457,-0.5692,-0.6177,-0.6368,-0.5603,-0.6177,-0.5918,-0.5004,-0.4652,-0.5582,-0.4587,-0.4652,-0.4996,-0.4253,-0.4652,-0.4344,-0.3533,-0.4652,-0.32,-0.2145,-0.1512,-0.2406,-0.1332,-0.1512,-0.1175,-0.087,-0.1512,-0.0402,-0.007,-0.1512,0.0821,0.1336,0.2375,0.233,0.2289,0.2375,0.2512,0.2734,0.2375,0.3573,0.3434,0.2375,0.389,0.3178,0.2913,0.4411,0.3239,0.2913,0.4191,0.322,0.2913,0.4088,0.2037,0.2913,0.3851,0.2357,0.0103,0.3256,0.1784,0.0103,0.263,0.1847,0.0103,0.2006,0.0894,0.0103,0.012,0.1012,-0.5459,-0.3557,-0.0041,-0.5459,-0.6525,-0.0951,-0.5459,-0.7867,-0.1889,-0.5459,-0.9192,-0.3664,-1.0004,-1.0914,-0.441,-1.0004,-1.2434,-0.3341,-1.0004,-1.4178,-0.4027,-1.0004,-1.6121,-0.4939,-1.6672,-1.8052,-0.7666,-1.6672,-1.8346,-0.8161,-1.6672,-1.8303,-0.7804,-1.6672,-1.8904,-0.7911,-1.9034,-1.9722,-0.8071,-1.9034,-2.0106,-0.9025,-1.9034,-2.0274,-1.0009,-1.9034,-2.124,-1.0819,-1.8137,-2.0847,-1.1836,-1.8137,-1.8159,-0.9744,-1.8137,-1.5397,-0.8618,-1.8137,-1.2959,-0.7758,-1.4131,-1.0566,-0.7442,-1.4131,-1.0847,-0.5549,-1.4131,-1.1183,-0.4813,-1.4131,-1.2116,-0.4601,-0.9675,-1.0585,-0.4491,-0.9675,-0.828,-0.4358,-0.9675,-0.8249,-0.4366,-0.9675,-0.775,-0.3689,-0.4383,-0.7292,-0.2836,-0.4383,-0.6181,-0.15,-0.4383,-0.2744,-0.0378,-0.4383,0.0106,0.1327,0.2046,0.2563,0.2275,0.2046,0.3292,0.2714,0.2046,0.3946,0.342,0.2046,0.4417,0.3836,0.4468,0.4796,0.385,0.4468,0.474,0.4121,0.4468,0.4388,0.4382,0.4468,0.3995,0.435,0.3362,0.3513,0.402,0.3362,0.2921,0.3069,0.3362,0.2055,0.2712,0.3362,0.1206,0.193,0.097,0.0444,0.097,0.097,0.015,0.0449,0.097,-0.0279,0.0116,0.097,-0.1048,-0.0657,-0.1572,-0.1811,-0.1162,-0.1572,-0.223,-0.1632,-0.1572,-0.2791,-0.2172,-0.1572,-0.3446,-0.3148,-0.3904,-0.419,-0.3752,-0.3904,-0.4415,-0.4141,-0.3904
2025-09-26,-0.4713,-0.469,-0.3904,-0.5487,-0.4776,-0.528,-0.5643,-0.511,-0.528,-0.591,-0.5453,-0.528,-0.6425,-0.5479,-0.528,-0.6261,-0.5743,-0.5967,-0.6647,-0.6055,-0.5967,-0.6552,-0.5935,-0.5967,-0.6812,-0.6285,-0.5967,-0.7068,-0.6124,-0.6506,-0.6751,-0.6582,-0.6506,-0.7092,-0.6457,-0.6506,-0.6942,-0.6613,-0.6506,-0.7086,-0.6379,-0.6386,-0.7082,-0.6387,-0.6386,-0.6817,-0.6252,-0.6386,-0.7139,-0.6304,-0.6386,-0.6586,-0.5967,-0.5818,-0.6702,-0.5856,-0.5818,-0.6294,-0.5692,-0.5818,-0.6561,-0.5542,-0.5818,-0.5573,-0.4906,-0.4353,-0.5471,-0.4735,-0.4353,-0.4562,-0.4202,-0.4353,-0.3936,-0.3786,-0.4353,-0.3285,-0.2271,-0.1094,-0.2349,-0.1576,-0.1094,-0.1708,-0.0695,-0.1094,-0.062,0.0136,-0.1094,0.1072,0.139,0.2794,0.1944,0.2016,0.2794,0.2623,0.2615,0.2794,0.3392,0.3882,0.2794,0.4094,0.3871,0.39,0.4494,0.4193,0.39,0.4738,0.3372,0.39,0.354,0.2928,0.39,0.1909,0.2414,0.1119,0.1912,0.2591,0.1119,0.3175,0.2066,0.1119,0.3778,0.2171,0.1119,0.4228,0.2125,-0.2918,0.4439,0.1715,-0.2918,0.3666,0.2556,-0.2918,0.2332,0.2594,-0.2918,-0.0251,0.2161,-0.5549,-0.1184,0.2169,-0.5549,-0.0576,0.386,-0.5549,-0.1969,0.3571,-0.5549,-0.6784,0.2846,-1.0363,-0.9277,0.0345,-1.0363,-0.7545,-0.0929,-1.0363,-0.3862,-0.0213,-1.0363,-0.143,0.0589,-1.0333,0.0551,0.0757,-1.0333,0.143,-0.0556,-1.0333,0.1615,0.0647,-1.0333,0.21,0.0906,-0.8599,0.2314,0.2197,-0.8599,0.2517,0.0327,-0.8599,0.1896,-0.0428,-0.8599,0.1368,0.0977,-0.522,0.1206,0.0657,-0.522,0.1187,0.0237,-0.522,0.1158,-0.0537,-0.522,0.0655,-0.1101,-0.3815,-0.0184,-0.1284,-0.3815,-0.0709,-0.098,-0.3815,-0.0731,-0.0847,-0.3815,0.0152,-0.1102,-0.0436,0.1366,-0.0317,-0.0436,0.2418,0.0333,-0.0436,0.3385,0.1117,-0.0436,0.4253,0.284,0.4468,0.5056,0.3074,0.4468,0.5615,0.3861,0.4468,0.6054,0.4509,0.4468,0.6008,0.4494,0.5724,0.6341,0.465,0.5724,0.6073,0.4889,0.5724,0.5833,0.4888,0.5724,0.5025,0.4492,0.4199,0.4362,0.424,0.4199,0.3452,0.3816,0.4199,0.2873,0.3179,0.4199,0.2129,0.1749,0.1777,0.1307,0.0923,0.1777,0.0712,0.08,0.1777,0.0363,0.0421,0.1777,-0.0178,-0.035,-0.0615,-0.0631,-0.0938,-0.0615,-0.1552,-0.116,-0.0615,-0.1745,-0.183,-0.0615,-0.2723,-0.2563,-0.2738,-0.286,-0.3316,-0.2738,-0.3079,-0.35,-0.2738
2025-09-27,-0.3518,-0.389,-0.2738,-0.3692,-0.4259,-0.4263,-0.4197,-0.4559,-0.4263,-0.4265,-0.4899,-0.4263,-0.4932,-0.5136,-0.4263,-0.4958,-0.5309,-0.516,-0.5351,-0.5428,-0.516,-0.5541,-0.5686,-0.516,-0.5835,-0.6004,-0.516,-0.5855,-0.6038,-0.5848,-0.6103,-0.6506,-0.5848,-0.6436,-0.6336,-0.5848,-0.6075,-0.6505,-0.5848,-0.6463,-0.6108,-0.5967,-0.6351,-0.6209,-0.5967,-0.643,-0.6048,-0.5967,-0.6349,-0.6057,-0.5967,-0.6391,-0.5987,-0.5668,-0.6224,-0.5758,-0.5668,-0.61,-0.5553,-0.5668,-0.5745,-0.5476,-0.5668,-0.5451,-0.4816,-0.4771,-0.5413,-0.4755,-0.4771,-0.5129,-0.436,-0.4771,-0.4739,-0.4207,-0.4771,-0.4052,-0.4099,-0.3366,-0.4143,-0.4097,-0.3366,-0.3742,-0.4851,-0.3366,-0.3625,-0.4725,-0.3366,-0.298,-0.4117,-0.1781,-0.2122,-0.3837,-0.1781,-0.1842,-0.2926,-0.1781,-0.1096,-0.2171,-0.1781,0.0108,-0.167,-0.1363,0.0045,-0.1888,-0.1363,0.0007,-0.2155,-0.1363,0.0264,-0.2371,-0.1363,0.0846,-0.2658,-0.3127,0.041,-0.2962,-0.3127,0.0234,-0.4219,-0.3127,-0.107,-0.3525,-0.3127,-0.1636,-0.2725,-0.8479,-0.1735,-0.3269,-0.8479,-0.2565,-0.5246,-0.8479,-0.3345,-0.5207,-0.8479,-0.4689,-0.9544,-1.2905,-0.6269,-0.8672,-1.2905,-0.7577,-0.747,-1.2905,-0.9727,-0.8077,-1.2905,-1.2023,-0.9669,-1.7689,-1.4706,-1.2413,-1.7689,-1.6328,-1.2643,-1.7689,-1.6386,-1.1803,-1.7689,-1.8126,-1.2721,-1.9991,-1.7889,-1.1931,-1.9991,-1.6677,-1.1585,-1.9991,-1.6338,-1.1857,-1.9991,-1.6263,-1.1374,-1.9902,-1.6234,-1.2973,-1.9902,-1.5533,-1.1565,-1.9902,-1.501,-1.1059,-1.9902,-1.4238,-1.1114,-1.5984,-1.4134,-1.1118,-1.5984,-1.4524,-1.0687,-1.5984,-1.5791,-1.0428,-1.5984,-1.5838,-1.067,-1.2576,-1.5199,-0.931,-1.2576,-1.3771,-0.8401,-1.2576,-1.2311,-0.7382,-1.2576,-1.0326,-0.7236,-0.7851,-0.889,-0.626,-0.7851,-0.7115,-0.4372,-0.7851,-0.4814,-0.3308,-0.7851,-0.2556,-0.2097,-0.0735,-0.0624,-0.0816,-0.0735,0.1183,0.0269,-0.0735,0.2282,0.1403,-0.0735,0.3164,0.1541,0.2614,0.334,0.234,0.2614,0.3614,0.2255,0.2614,0.3292,0.2743,0.2614,0.288,0.2304,0.2315,0.2228,0.2496,0.2315,0.1505,0.144,0.2315,0.133,0.1271,0.2315,0.0855,0.044,0.0431,0.033,0.0175,0.0431,-0.0283,-0.0009,0.0431,-0.0687,-0.0603,0.0431,-0.1213,-0.1446,-0.1512,-0.1475,-0.1793,-0.1512,-0.1759,-0.2492,-0.1512,-0.2278,-0.2773,-0.1512,-0.3288,-0.3631,-0.3396,-0.3585,-0.3964,-0.3396,-0.391,-0.4319,-0.3396
2025-09-28,-0.411,-0.3976,-0.3396,-0.4303,-0.4273,-0.4831,-0.461,-0.4771,-0.4831,-0.4584,-0.4967,-0.4831,-0.5348,-0.5343,-0.4831,-0.5311,-0.538,-0.5728,-0.5795,-0.547,-0.5728,-0.6017,-0.58,-0.5728,-0.5842,-0.5955,-0.5728,-0.6083,-0.6252,-0.6296,-0.6334,-0.6295,-0.6296,-0.6226,-0.6206,-0.6296,-0.6271,-0.6012,-0.6296,-0.6215,-0.6026,-0.6356,-0.6181,-0.5975,-0.6356,-0.6169,-0.6087,-0.6356,-0.6115,-0.5887,-0.6356,-0.5708,-0.5721,-0.6027,-0.5873,-0.5543,-0.6027,-0.5956,-0.5376,-0.6027,-0.5578,-0.5442,-0.6027,-0.4988,-0.52,-0.522,-0.5105,-0.4853,-0.522,-0.4958,-0.4717,-0.522,-0.4772,-0.4735,-0.522,-0.44,-0.4695,-0.3994,-0.4485,-0.5596,-0.3994,-0.4228,-0.586,-0.3994,-0.4181,-0.5919,-0.3994,-0.3552,-0.4901,-0.3276,-0.3377,-0.5218,-0.3276,-0.33,-0.4398,-0.3276,-0.2747,-0.4329,-0.3276,-0.277,-0.4233,-0.4144,-0.3196,-0.474,-0.4144,-0.4058,-0.5164,-0.4144,-0.5038,-0.6002,-0.4144,-0.6271,-0.6228,-0.6655,-0.7948,-0.7276,-0.6655,-0.9108,-0.8662,-0.6655,-1.0109,-0.9236,-0.6655,-1.1849,-0.9902,-1.1589,-1.3809,-1.1056,-1.1589,-1.4893,-1.2426,-1.1589,-1.6436,-1.334,-1.1589,-1.7198,-1.3617,-1.6523,-1.7671,-1.3659,-1.6523,-1.7918,-1.3814,-1.6523,-1.8956,-1.4849,-1.6523,-2.0044,-1.4791,-2.029,-2.0682,-1.603,-2.029,-2.1532,-1.691,-2.029,-2.2615,-1.7426,-2.029,-2.2942,-1.8207,-2.2473,-2.342,-1.8128,-2.2473,-2.3151,-1.837,-2.2473,-2.3173,-1.7814,-2.2473,-2.2958,-1.7188,-2.2413,-2.3267,-1.7029,-2.2413,-2.3583,-1.8209,-2.2413,-2.3184,-1.6966,-2.2413,-2.2907,-1.5931,-1.9782,-2.2138,-1.6528,-1.9782,-2.0921,-1.5833,-1.9782,-2.005,-1.4959,-1.9782,-1.8722,-1.4612,-1.4489,-1.7413,-1.3421,-1.4489,-1.5543,-1.1787,-1.4489,-1.3943,-1.037,-1.4489,-1.1997,-0.9397,-0.83,-1.0354,-0.7953,-0.83,-0.7994,-0.6314,-0.83,-0.5955,-0.4612,-0.83,-0.3695,-0.2797,-0.1393,-0.1374,-0.167,-0.1393,0.0281,-0.0596,-0.1393,0.1246,0.0394,-0.1393,0.1689,0.1075,0.1717,0.2117,0.1641,0.1717,0.2849,0.1724,0.1717,0.2544,0.1511,0.1717,0.2412,0.0866,0.1388,0.1707,0.1202,0.1388,0.1208,0.0424,0.1388,0.059,-0.0128,0.1388,0.0135,-0.0398,-0.0615,-0.1003,-0.1394,-0.0615,-0.1192,-0.1542,-0.0615,-0.1799,-0.2191,-0.0615,-0.2234,-0.2877,-0.2768,-0.2803,-0.3277,-0.2768,-0.3273,-0.4116,-0.2768,-0.3816,-0.4252,-0.2768,-0.4297,-0.4858,-0.4891,-0.4856,-0.5465,-0.4891,-0.5065,-0.5737,-0.4891
2025-09-29,-0.5527,-0.5498,-0.4891,-0.5464,-0.5557,-0.6296,-0.59,-0.5954,-0.6296,-0.6073,-0.6133,-0.6296,-0.6482,-0.6375,-0.6296,-0.6515,-0.6814,-0.6984,-0.6863,-0.6747,-0.6984,-0.6832,-0.6823,-0.6984,-0.7069,-0.7008,-0.6984,-0.6954,-0.6938,-0.7014,-0.6788,-0.6952,-0.7014,-0.669,-0.6689,-0.7014,-0.6652,-0.6841,-0.7014,-0.6618,-0.6568,-0.6745,-0.6537,-0.6637,-0.6745,-0.6574,-0.6582,-0.6745,-0.6272,-0.622,-0.6745,-0.5957,-0.6139,-0.6147,-0.6193,-0.5888,-0.6147,-0.5581,-0.5558,-0.6147,-0.5573,-0.5227,-0.6147,-0.505,-0.4988,-0.4472,-0.4504,-0.4508,-0.4472,-0.4001,-0.4083,-0.4472,-0.3198,-0.3418,-0.4472,-0.2361,-0.2502,-0.1004,-0.1412,-0.1462,-0.1004,-0.0305,-0.0601,-0.1004,0.0508,0.0157,-0.1004,0.2517,0.1614,0.3003,0.3106,0.2564,0.3003,0.4304,0.2903,0.3003,0.486,0.3076,0.3003,0.4663,0.3465,0.3422,0.5077,0.3077,0.3422,0.4153,0.166,0.3422,0.2852,0.0586,0.3422,0.1298,0.0095,-0.0914,-0.0802,-0.1191,-0.0914,-0.1875,-0.1592,-0.0914,-0.3899,-0.3706,-0.0914,-0.5437,-0.5198,-0.6027,-0.7204,-0.5764,-0.6027,-0.8841,-0.7703,-0.6027,-0.9913,-0.8294,-0.6027,-1.122,-0.9038,-1.0812,-1.2196,-0.8806,-1.0812,-1.2729,-0.9129,-1.0812,-1.3203,-1.0622,-1.0812,-1.4841,-1.1673,-1.7838,-1.6735,-1.4821,-1.7838,-1.817,-1.5591,-1.7838,-1.886,-1.5784,-1.7838,-1.8625,-1.6643,-1.8018,-1.8775,-1.5588,-1.8018,-1.8148,-1.5271,-1.8018,-1.8329,-1.5779,-1.8018,-1.8113,-1.5639,-1.7061,-1.8161,-1.5511,-1.7061,-1.768,-1.4691,-1.7061,-1.7532,-1.2923,-1.7061,-1.6814,-1.1533,-1.3533,-1.609,-1.2372,-1.3533,-1.5081,-1.1014,-1.3533,-1.4087,-1.0713,-1.3533,-1.2774,-0.8783,-0.9974,-1.1497,-0.7441,-0.9974,-0.9992,-0.656,-0.9974,-0.8592,-0.5527,-0.9974,-0.733,-0.4881,-0.5369,-0.5489,-0.4172,-0.5369,-0.3457,-0.2603,-0.5369,-0.1955,-0.1049,-0.5369,0.0246,0.0228,0.1538,0.2252,0.1454,0.1538,0.4219,0.2758,0.1538,0.4852,0.3162,0.1538,0.5301,0.3828,0.4199,0.5326,0.4218,0.4199,0.5624,0.4494,0.4199,0.5111,0.3894,0.4199,0.4731,0.3511,0.3093,0.4269,0.2824,0.3093,0.3622,0.2574,0.3093,0.2843,0.1706,0.3093,0.2078,0.087,0.073,0.1888,0.0232,0.073,0.0961,0.0067,0.073,0.0502,-0.0763,0.073,-0.0209,-0.1394,-0.1781,-0.1167,-0.1919,-0.1781,-0.1457,-0.2643,-0.1781,-0.2185,-0.3178,-0.1781,-0.3114,-0.3815,-0.4293,-0.3152,-0.4448,-0.4293,-0.3907,-0.5066,-0.4293
